(Iter. 0) BestSol = Solution: cost=[-1225.1299999999999], size=[73], elements=[74, 28, 54, 63, 81, 99, 35, 87, 14, 41, 62, 70, 26, 57, 66, 22, 55, 67, 25, 59, 32, 6, 7, 12, 94, 72, 10, 95, 24, 13, 83, 88, 79, 60, 3, 20, 92, 76, 27, 90, 37, 5, 42, 98, 23, 16, 93, 45, 84, 68, 75, 51, 61, 50, 36, 2, 73, 91, 86, 38, 64, 9, 58, 43, 31, 48, 69, 78, 49, 71, 11, 4, 39]
(Iter. 1) BestSol = Solution: cost=[-1244.2699999999993], size=[72], elements=[74, 28, 54, 81, 99, 35, 87, 14, 41, 62, 70, 26, 57, 66, 22, 55, 67, 25, 59, 32, 6, 7, 12, 94, 72, 10, 95, 24, 13, 83, 88, 79, 60, 3, 20, 92, 76, 27, 90, 37, 5, 42, 98, 23, 16, 93, 45, 84, 68, 75, 51, 61, 50, 36, 2, 73, 91, 86, 38, 64, 9, 58, 43, 31, 48, 69, 78, 49, 71, 11, 4, 39]
(Iter. 3) BestSol = Solution: cost=[-1261.6399999999996], size=[72], elements=[74, 54, 81, 99, 35, 87, 14, 41, 62, 70, 26, 57, 66, 22, 55, 67, 25, 59, 32, 6, 7, 12, 94, 72, 10, 95, 24, 13, 83, 88, 79, 60, 3, 20, 92, 76, 27, 90, 37, 5, 42, 98, 23, 16, 93, 45, 84, 68, 75, 51, 61, 50, 36, 2, 73, 91, 86, 38, 64, 9, 58, 43, 31, 48, 69, 78, 49, 71, 11, 4, 39, 97]
(Iter. 4) BestSol = Solution: cost=[-1262.9399999999991], size=[71], elements=[74, 54, 81, 99, 35, 87, 14, 41, 62, 26, 57, 66, 22, 55, 67, 25, 59, 32, 6, 7, 12, 94, 72, 10, 95, 24, 13, 83, 88, 79, 60, 3, 20, 92, 76, 27, 90, 37, 5, 42, 98, 23, 16, 93, 45, 84, 68, 75, 51, 61, 50, 36, 2, 73, 91, 86, 38, 64, 9, 58, 43, 31, 48, 69, 78, 49, 71, 11, 4, 39, 97]
(Iter. 5) BestSol = Solution: cost=[-1339.8800000000003], size=[71], elements=[74, 54, 81, 99, 35, 87, 14, 41, 62, 26, 57, 66, 22, 55, 67, 25, 59, 32, 6, 7, 12, 94, 72, 10, 95, 24, 13, 83, 88, 79, 60, 3, 20, 92, 76, 27, 90, 37, 5, 42, 98, 23, 16, 93, 45, 84, 68, 75, 51, 61, 50, 36, 2, 73, 91, 86, 38, 64, 9, 58, 43, 31, 48, 69, 78, 49, 11, 4, 39, 97, 85]
(Iter. 6) BestSol = Solution: cost=[-1375.46], size=[70], elements=[74, 54, 81, 99, 35, 87, 14, 41, 62, 26, 57, 66, 22, 55, 67, 25, 59, 32, 6, 7, 12, 94, 72, 10, 95, 24, 13, 83, 88, 79, 60, 3, 20, 92, 76, 27, 90, 37, 5, 42, 98, 23, 16, 93, 45, 84, 68, 51, 61, 50, 36, 2, 73, 91, 86, 38, 64, 9, 58, 43, 31, 48, 69, 78, 49, 11, 4, 39, 97, 85]
(Iter. 8) BestSol = Solution: cost=[-1398.03], size=[71], elements=[74, 54, 81, 99, 35, 87, 14, 41, 62, 57, 66, 22, 55, 67, 25, 59, 32, 6, 7, 12, 94, 72, 10, 95, 24, 13, 83, 88, 79, 3, 20, 92, 76, 27, 90, 37, 5, 42, 98, 23, 16, 93, 45, 84, 68, 51, 61, 50, 36, 2, 73, 91, 86, 38, 64, 9, 58, 43, 31, 48, 69, 78, 49, 11, 4, 39, 97, 85, 70, 28, 77]
(Iter. 10) BestSol = Solution: cost=[-1445.41], size=[72], elements=[74, 54, 81, 99, 35, 87, 14, 41, 62, 57, 66, 22, 55, 67, 25, 59, 32, 6, 7, 12, 94, 72, 10, 95, 24, 13, 83, 88, 79, 3, 20, 92, 76, 27, 90, 37, 5, 42, 98, 23, 16, 93, 45, 84, 51, 61, 50, 36, 2, 73, 91, 86, 38, 64, 9, 58, 43, 31, 48, 69, 78, 49, 11, 4, 39, 97, 85, 70, 28, 77, 46, 17]
(Iter. 11) BestSol = Solution: cost=[-1447.14], size=[73], elements=[74, 54, 81, 99, 35, 87, 14, 41, 62, 57, 66, 22, 55, 67, 25, 59, 32, 6, 7, 12, 94, 72, 10, 95, 24, 13, 83, 88, 79, 3, 20, 92, 76, 27, 90, 37, 5, 42, 98, 23, 16, 93, 45, 84, 51, 61, 50, 36, 2, 73, 91, 86, 38, 64, 9, 58, 43, 31, 48, 69, 78, 49, 11, 4, 39, 97, 85, 70, 28, 77, 46, 17, 96]
(Iter. 12) BestSol = Solution: cost=[-1480.63], size=[73], elements=[74, 54, 81, 99, 35, 87, 14, 41, 62, 57, 66, 22, 55, 67, 25, 59, 32, 6, 7, 12, 94, 72, 10, 95, 24, 13, 83, 88, 79, 3, 20, 92, 76, 27, 90, 37, 5, 42, 98, 23, 16, 93, 45, 84, 51, 61, 50, 36, 2, 91, 86, 38, 64, 9, 58, 43, 31, 48, 69, 78, 49, 11, 4, 39, 97, 85, 70, 28, 77, 46, 17, 96, 82]
(Iter. 15) BestSol = Solution: cost=[-1484.8599999999997], size=[72], elements=[74, 54, 81, 99, 35, 87, 14, 41, 62, 57, 66, 22, 55, 67, 25, 59, 32, 6, 7, 12, 94, 72, 10, 95, 24, 13, 83, 88, 79, 3, 20, 92, 76, 27, 90, 37, 5, 42, 98, 23, 16, 93, 45, 84, 51, 61, 50, 36, 2, 91, 86, 64, 9, 58, 43, 31, 48, 69, 78, 11, 4, 39, 97, 85, 70, 28, 77, 46, 17, 96, 82, 1]
(Iter. 17) BestSol = Solution: cost=[-1504.7400000000007], size=[72], elements=[74, 54, 81, 99, 35, 87, 14, 41, 62, 57, 66, 22, 55, 67, 25, 59, 32, 6, 7, 12, 94, 72, 10, 95, 24, 13, 83, 88, 79, 3, 20, 92, 76, 27, 90, 37, 5, 42, 98, 23, 16, 93, 45, 84, 51, 61, 50, 36, 2, 91, 86, 64, 9, 58, 43, 31, 48, 69, 78, 11, 4, 39, 97, 85, 70, 28, 77, 46, 17, 96, 82, 63]
(Iter. 20) BestSol = Solution: cost=[-1523.6699999999992], size=[70], elements=[74, 54, 81, 99, 35, 87, 14, 41, 62, 57, 66, 22, 55, 67, 25, 59, 32, 6, 7, 12, 94, 72, 95, 24, 13, 83, 88, 79, 20, 92, 76, 27, 90, 37, 5, 42, 98, 23, 16, 93, 45, 84, 51, 61, 50, 36, 2, 91, 86, 64, 9, 58, 43, 31, 48, 69, 78, 11, 4, 39, 97, 85, 70, 28, 77, 17, 96, 82, 63, 3]
(Iter. 678) BestSol = Solution: cost=[-1530.7000000000003], size=[70], elements=[14, 66, 22, 55, 67, 59, 12, 72, 95, 24, 13, 79, 76, 5, 23, 16, 45, 84, 61, 50, 36, 91, 69, 11, 39, 35, 43, 87, 94, 2, 74, 86, 17, 42, 85, 98, 78, 99, 54, 51, 25, 93, 62, 70, 20, 81, 97, 57, 88, 7, 48, 32, 28, 82, 77, 10, 9, 41, 90, 31, 4, 64, 0, 27, 6, 96, 46, 58, 83, 37]
(Iter. 19990) BestSol = Solution: cost=[-1541.9099999999996], size=[69], elements=[14, 66, 22, 59, 12, 79, 16, 50, 69, 11, 39, 5, 76, 45, 61, 13, 72, 95, 67, 64, 24, 55, 32, 35, 42, 78, 83, 91, 90, 94, 23, 17, 25, 88, 81, 4, 36, 27, 98, 31, 43, 7, 87, 58, 74, 62, 48, 86, 97, 2, 84, 20, 96, 3, 85, 77, 93, 10, 6, 9, 51, 54, 41, 0, 82, 37, 1, 57, 99]
(Iter. 19993) BestSol = Solution: cost=[-1548.37], size=[69], elements=[14, 66, 22, 59, 12, 79, 16, 50, 69, 11, 39, 5, 76, 45, 61, 13, 72, 95, 67, 64, 24, 55, 32, 35, 42, 78, 83, 91, 90, 94, 23, 17, 25, 88, 81, 4, 36, 27, 98, 31, 43, 7, 87, 58, 74, 62, 48, 86, 97, 2, 84, 20, 96, 3, 85, 77, 93, 6, 9, 51, 54, 41, 0, 82, 37, 57, 99, 70, 28]
(Iter. 31180) BestSol = Solution: cost=[-1552.9099999999994], size=[68], elements=[14, 66, 22, 59, 12, 79, 16, 50, 69, 11, 39, 13, 67, 5, 45, 55, 72, 76, 61, 95, 35, 24, 74, 91, 42, 43, 23, 64, 2, 85, 7, 48, 58, 84, 36, 88, 31, 32, 83, 57, 54, 3, 98, 93, 78, 6, 51, 9, 86, 25, 82, 20, 87, 99, 62, 92, 41, 81, 4, 10, 94, 90, 97, 77, 17, 37, 27, 96]
(Iter. 48151) BestSol = Solution: cost=[-1553.1800000000003], size=[68], elements=[14, 66, 22, 59, 12, 79, 16, 50, 69, 11, 39, 13, 67, 76, 61, 95, 24, 45, 55, 5, 43, 32, 58, 42, 83, 35, 87, 91, 64, 2, 7, 72, 48, 84, 23, 74, 78, 90, 36, 85, 20, 31, 25, 88, 82, 98, 54, 9, 6, 51, 57, 81, 94, 4, 97, 27, 37, 99, 0, 62, 86, 96, 77, 17, 41, 70, 93, 10]
Best solution found: Solution: cost=[-1553.1800000000003], size=[68], elements=[14, 66, 22, 59, 12, 79, 16, 50, 69, 11, 39, 13, 67, 76, 61, 95, 24, 45, 55, 5, 43, 32, 58, 42, 83, 35, 87, 91, 64, 2, 7, 72, 48, 84, 23, 74, 78, 90, 36, 85, 20, 31, 25, 88, 82, 98, 54, 9, 6, 51, 57, 81, 94, 4, 97, 27, 37, 99, 0, 62, 86, 96, 77, 17, 41, 70, 93, 10]
Time (s): 1800.017
