(Iter. 0) BestSol = Solution: cost=[-1208.91], size=[67], elements=[87, 15, 13, 95, 98, 26, 51, 4, 68, 49, 71, 86, 60, 99, 14, 27, 58, 24, 18, 19, 88, 40, 76, 29, 46, 79, 38, 37, 47, 85, 92, 17, 82, 80, 11, 31, 44, 77, 2, 64, 48, 45, 59, 54, 1, 16, 73, 8, 43, 50, 81, 83, 56, 57, 36, 0, 91, 96, 97, 5, 34, 42, 6, 84, 69, 65, 55]
(Iter. 1) BestSol = Solution: cost=[-1282.4], size=[67], elements=[87, 13, 95, 98, 26, 51, 4, 68, 49, 71, 86, 60, 99, 14, 27, 58, 24, 18, 19, 88, 40, 76, 29, 46, 79, 38, 37, 47, 85, 92, 17, 82, 80, 11, 31, 44, 77, 2, 64, 48, 45, 59, 54, 1, 16, 73, 8, 43, 50, 81, 83, 56, 57, 36, 0, 91, 96, 97, 5, 34, 42, 6, 84, 69, 65, 55, 9]
(Iter. 2) BestSol = Solution: cost=[-1314.1199999999997], size=[66], elements=[13, 95, 98, 26, 51, 4, 68, 49, 71, 86, 60, 99, 14, 27, 58, 24, 18, 19, 88, 40, 76, 29, 46, 79, 38, 37, 47, 85, 92, 17, 82, 80, 11, 31, 44, 77, 2, 64, 48, 45, 59, 54, 1, 16, 73, 8, 43, 50, 81, 83, 56, 57, 36, 0, 91, 96, 97, 5, 34, 42, 6, 84, 69, 65, 55, 9]
(Iter. 3) BestSol = Solution: cost=[-1365.6299999999999], size=[65], elements=[13, 95, 98, 26, 51, 4, 68, 49, 71, 86, 60, 99, 14, 27, 24, 18, 19, 88, 40, 76, 29, 46, 79, 38, 37, 47, 85, 92, 17, 82, 80, 11, 31, 44, 77, 2, 64, 48, 45, 59, 54, 1, 16, 73, 8, 43, 50, 81, 83, 56, 57, 36, 0, 91, 96, 97, 5, 34, 42, 6, 84, 69, 65, 55, 9]
(Iter. 4) BestSol = Solution: cost=[-1419.35], size=[67], elements=[13, 95, 98, 26, 51, 4, 68, 49, 71, 86, 60, 99, 14, 27, 24, 18, 19, 88, 40, 76, 29, 46, 79, 38, 37, 47, 85, 92, 17, 82, 80, 11, 31, 44, 77, 2, 64, 48, 45, 59, 54, 1, 16, 73, 8, 43, 50, 81, 83, 57, 36, 0, 91, 96, 97, 5, 34, 42, 6, 84, 69, 65, 55, 9, 70, 72, 61]
(Iter. 5) BestSol = Solution: cost=[-1424.9600000000007], size=[66], elements=[13, 95, 98, 26, 51, 4, 68, 49, 71, 86, 60, 99, 14, 27, 24, 18, 19, 88, 40, 76, 29, 46, 79, 38, 37, 47, 85, 92, 17, 82, 80, 11, 31, 44, 77, 2, 64, 48, 45, 59, 54, 1, 16, 73, 43, 50, 81, 83, 57, 36, 0, 91, 96, 97, 5, 34, 42, 6, 84, 69, 55, 9, 70, 72, 61, 78]
(Iter. 7) BestSol = Solution: cost=[-1435.7400000000002], size=[64], elements=[13, 95, 98, 26, 51, 4, 68, 49, 71, 86, 60, 99, 14, 27, 24, 18, 19, 88, 40, 76, 29, 46, 79, 38, 37, 47, 85, 92, 17, 82, 80, 11, 31, 44, 77, 2, 64, 48, 45, 59, 54, 1, 16, 73, 43, 50, 81, 83, 36, 0, 91, 96, 97, 5, 34, 42, 6, 84, 69, 55, 9, 70, 72, 78]
(Iter. 8) BestSol = Solution: cost=[-1446.23], size=[65], elements=[13, 95, 98, 26, 51, 4, 68, 49, 71, 86, 60, 99, 14, 27, 24, 18, 19, 88, 40, 76, 29, 46, 79, 38, 37, 47, 85, 92, 17, 82, 80, 11, 31, 44, 77, 2, 64, 48, 45, 59, 54, 1, 16, 73, 43, 50, 81, 83, 36, 0, 91, 96, 97, 5, 34, 42, 6, 84, 69, 55, 9, 70, 72, 78, 93]
(Iter. 9) BestSol = Solution: cost=[-1501.3299999999997], size=[65], elements=[13, 95, 98, 26, 51, 4, 68, 49, 71, 86, 60, 99, 14, 27, 24, 18, 19, 88, 40, 76, 29, 46, 79, 38, 37, 47, 85, 92, 17, 80, 11, 31, 44, 77, 2, 64, 48, 45, 59, 54, 1, 16, 73, 43, 50, 81, 83, 36, 0, 91, 96, 97, 5, 34, 42, 6, 84, 69, 55, 9, 70, 72, 78, 93, 8]
(Iter. 13) BestSol = Solution: cost=[-1502.07], size=[63], elements=[95, 98, 26, 51, 4, 68, 49, 71, 86, 60, 99, 14, 27, 24, 18, 19, 40, 76, 29, 46, 79, 38, 37, 47, 85, 92, 17, 80, 11, 31, 44, 77, 2, 64, 48, 45, 59, 54, 1, 16, 73, 43, 50, 81, 83, 36, 0, 91, 96, 97, 5, 34, 42, 6, 84, 69, 55, 9, 70, 72, 78, 93, 8]
(Iter. 18) BestSol = Solution: cost=[-1519.4099999999999], size=[62], elements=[95, 98, 26, 51, 4, 68, 49, 71, 86, 60, 99, 14, 27, 24, 18, 19, 40, 76, 29, 46, 79, 38, 37, 47, 85, 92, 80, 11, 31, 44, 77, 2, 64, 48, 45, 59, 54, 1, 16, 73, 43, 50, 81, 36, 0, 91, 96, 97, 5, 34, 42, 6, 84, 69, 55, 9, 70, 72, 78, 93, 8, 12]
Best solution found: Solution: cost=[-1519.4099999999999], size=[62], elements=[95, 98, 26, 51, 4, 68, 49, 71, 86, 60, 99, 14, 27, 24, 18, 19, 40, 76, 29, 46, 79, 38, 37, 47, 85, 92, 80, 11, 31, 44, 77, 2, 64, 48, 45, 59, 54, 1, 16, 73, 43, 50, 81, 36, 0, 91, 96, 97, 5, 34, 42, 6, 84, 69, 55, 9, 70, 72, 78, 93, 8, 12]
Time (s): 1800.019
