(Iter. 0) BestSol = Solution: cost=[-1831.9200000000003], size=[74], elements=[75, 35, 57, 81, 29, 22, 88, 80, 23, 63, 7, 4, 60, 31, 34, 71, 10, 91, 46, 53, 19, 12, 18, 96, 70, 62, 89, 28, 5, 16, 1, 49, 11, 3, 72, 56, 69, 52, 76, 30, 65, 13, 39, 0, 67, 45, 21, 83, 86, 15, 93, 79, 9, 38, 87, 42, 98, 54, 68, 95, 32, 99, 51, 33, 25, 61, 20, 48, 26, 36, 37, 14, 8, 43]
(Iter. 1) BestSol = Solution: cost=[-1913.0100000000002], size=[74], elements=[75, 35, 57, 81, 29, 22, 88, 80, 23, 63, 7, 4, 60, 31, 34, 71, 10, 91, 46, 53, 19, 12, 18, 96, 70, 62, 89, 28, 5, 16, 1, 49, 11, 3, 72, 56, 69, 52, 76, 30, 65, 13, 39, 0, 67, 45, 21, 83, 86, 15, 93, 79, 9, 38, 87, 42, 98, 54, 68, 95, 32, 99, 51, 33, 25, 61, 20, 48, 26, 36, 37, 14, 8, 77]
(Iter. 2) BestSol = Solution: cost=[-1967.6500000000003], size=[73], elements=[75, 35, 57, 81, 29, 22, 88, 80, 23, 63, 7, 4, 60, 31, 34, 71, 10, 91, 46, 53, 19, 12, 96, 70, 62, 89, 28, 5, 16, 1, 49, 11, 3, 72, 56, 69, 52, 76, 30, 65, 13, 39, 0, 67, 45, 21, 83, 86, 15, 93, 79, 9, 38, 87, 42, 98, 54, 68, 95, 32, 99, 51, 33, 25, 61, 20, 48, 26, 36, 37, 14, 8, 77]
(Iter. 4) BestSol = Solution: cost=[-1968.5100000000002], size=[73], elements=[75, 35, 57, 81, 29, 22, 88, 80, 23, 63, 7, 4, 60, 31, 34, 71, 10, 91, 46, 53, 19, 12, 96, 70, 62, 89, 28, 5, 16, 1, 49, 11, 3, 72, 56, 69, 52, 76, 30, 65, 13, 39, 0, 67, 45, 21, 83, 86, 15, 93, 79, 9, 38, 87, 42, 98, 54, 68, 95, 32, 99, 51, 33, 25, 61, 20, 48, 26, 36, 37, 14, 8, 66]
(Iter. 5) BestSol = Solution: cost=[-1970.23], size=[74], elements=[75, 35, 57, 81, 29, 22, 88, 80, 23, 63, 7, 4, 60, 31, 34, 71, 10, 91, 46, 53, 19, 12, 96, 70, 62, 89, 28, 5, 16, 1, 49, 11, 3, 72, 56, 69, 52, 76, 30, 65, 13, 39, 0, 67, 45, 21, 83, 86, 15, 93, 79, 9, 38, 87, 42, 98, 54, 68, 95, 32, 99, 51, 33, 25, 61, 20, 48, 26, 36, 37, 14, 8, 66, 64]
(Iter. 9) BestSol = Solution: cost=[-1983.4600000000007], size=[74], elements=[75, 35, 57, 81, 29, 22, 88, 80, 23, 63, 7, 4, 60, 31, 34, 71, 10, 91, 53, 19, 12, 96, 70, 62, 89, 28, 5, 16, 1, 49, 11, 3, 72, 56, 69, 52, 76, 30, 65, 13, 39, 0, 67, 45, 21, 83, 86, 15, 93, 79, 9, 38, 87, 42, 98, 54, 68, 95, 32, 99, 51, 33, 25, 61, 48, 26, 36, 37, 14, 8, 66, 64, 82, 84]
(Iter. 10) BestSol = Solution: cost=[-1990.7000000000005], size=[73], elements=[75, 35, 57, 81, 29, 22, 88, 80, 23, 63, 7, 4, 31, 34, 71, 10, 91, 53, 19, 12, 96, 70, 62, 89, 28, 5, 16, 1, 49, 11, 3, 72, 56, 69, 52, 76, 30, 65, 13, 39, 0, 67, 45, 21, 83, 86, 15, 93, 79, 9, 38, 87, 42, 98, 54, 68, 95, 32, 99, 51, 33, 25, 61, 48, 26, 36, 37, 14, 8, 66, 64, 82, 84]
(Iter. 11) BestSol = Solution: cost=[-2002.1499999999999], size=[72], elements=[75, 35, 57, 81, 29, 22, 88, 80, 23, 63, 7, 4, 31, 34, 71, 10, 91, 53, 19, 12, 96, 70, 62, 89, 28, 5, 16, 1, 49, 11, 3, 72, 56, 69, 76, 30, 65, 13, 39, 0, 67, 45, 21, 83, 86, 15, 93, 79, 9, 38, 87, 42, 98, 54, 68, 95, 32, 99, 51, 33, 25, 61, 48, 26, 36, 37, 14, 8, 66, 64, 82, 84]
(Iter. 35) BestSol = Solution: cost=[-2015.2399999999996], size=[70], elements=[75, 57, 81, 22, 88, 23, 63, 7, 4, 31, 34, 71, 10, 53, 19, 12, 96, 70, 62, 89, 28, 16, 1, 11, 3, 72, 56, 76, 30, 65, 13, 39, 0, 67, 45, 21, 83, 86, 15, 93, 79, 9, 38, 87, 42, 98, 54, 68, 95, 32, 99, 51, 33, 25, 61, 48, 26, 36, 37, 14, 66, 64, 94, 2, 58, 78, 35, 5, 8, 49]
(Iter. 36) BestSol = Solution: cost=[-2016.6599999999996], size=[71], elements=[75, 57, 81, 22, 88, 23, 63, 7, 4, 31, 34, 71, 10, 53, 19, 12, 96, 70, 62, 89, 28, 16, 1, 11, 3, 72, 56, 76, 30, 65, 13, 39, 0, 67, 45, 21, 83, 86, 15, 93, 79, 9, 38, 87, 42, 98, 54, 68, 95, 32, 99, 51, 33, 25, 61, 48, 26, 36, 37, 14, 66, 64, 94, 2, 58, 78, 35, 5, 8, 49, 84]
(Iter. 772) BestSol = Solution: cost=[-2017.5599999999997], size=[74], elements=[57, 22, 23, 7, 31, 34, 19, 96, 70, 62, 28, 1, 11, 3, 72, 56, 65, 13, 39, 67, 45, 83, 86, 15, 93, 38, 87, 98, 54, 99, 51, 25, 26, 81, 88, 79, 89, 75, 48, 36, 2, 4, 12, 95, 33, 71, 64, 42, 37, 32, 61, 30, 21, 76, 58, 14, 63, 0, 29, 49, 9, 10, 91, 94, 16, 8, 20, 78, 68, 52, 5, 53, 80, 35]
(Iter. 1605) BestSol = Solution: cost=[-2036.9599999999996], size=[72], elements=[57, 23, 7, 31, 34, 19, 96, 62, 28, 11, 3, 56, 65, 13, 39, 45, 83, 86, 15, 93, 38, 87, 98, 51, 25, 26, 81, 88, 61, 67, 54, 99, 71, 63, 48, 22, 4, 89, 2, 79, 36, 32, 76, 1, 64, 53, 14, 42, 8, 12, 33, 95, 68, 10, 70, 35, 5, 75, 72, 94, 49, 21, 9, 80, 20, 91, 58, 37, 0, 29, 30, 16]
(Iter. 1629) BestSol = Solution: cost=[-2058.62], size=[67], elements=[57, 23, 7, 31, 34, 19, 96, 62, 28, 11, 3, 56, 65, 13, 39, 45, 83, 86, 15, 93, 38, 87, 98, 51, 25, 26, 81, 88, 61, 67, 54, 99, 71, 63, 48, 22, 4, 89, 79, 32, 76, 1, 64, 53, 42, 8, 33, 95, 68, 10, 70, 35, 5, 75, 72, 9, 80, 37, 0, 29, 30, 16, 66, 12, 14, 84, 21]
Best solution found: Solution: cost=[-2058.62], size=[67], elements=[57, 23, 7, 31, 34, 19, 96, 62, 28, 11, 3, 56, 65, 13, 39, 45, 83, 86, 15, 93, 38, 87, 98, 51, 25, 26, 81, 88, 61, 67, 54, 99, 71, 63, 48, 22, 4, 89, 79, 32, 76, 1, 64, 53, 42, 8, 33, 95, 68, 10, 70, 35, 5, 75, 72, 9, 80, 37, 0, 29, 30, 16, 66, 12, 14, 84, 21]
Time (s): 1800.021
