(Iter. 0) BestSol = Solution: cost=[-1931.3899999999999], size=[75], elements=[75, 35, 57, 81, 29, 22, 88, 80, 23, 63, 7, 4, 60, 31, 34, 71, 10, 91, 46, 53, 19, 12, 18, 96, 70, 62, 89, 28, 5, 16, 1, 49, 11, 3, 72, 56, 69, 52, 76, 30, 65, 13, 39, 0, 67, 45, 21, 83, 86, 15, 93, 79, 9, 38, 87, 42, 98, 54, 68, 95, 32, 99, 51, 33, 25, 61, 20, 48, 26, 36, 37, 14, 8, 66, 64]
(Iter. 1) BestSol = Solution: cost=[-1970.23], size=[74], elements=[75, 35, 57, 81, 29, 22, 88, 80, 23, 63, 7, 4, 60, 31, 34, 71, 10, 91, 46, 53, 19, 12, 96, 70, 62, 89, 28, 5, 16, 1, 49, 11, 3, 72, 56, 69, 52, 76, 30, 65, 13, 39, 0, 67, 45, 21, 83, 86, 15, 93, 79, 9, 38, 87, 42, 98, 54, 68, 95, 32, 99, 51, 33, 25, 61, 20, 48, 26, 36, 37, 14, 8, 66, 64]
(Iter. 2) BestSol = Solution: cost=[-1994.0000000000002], size=[73], elements=[75, 35, 57, 81, 29, 22, 88, 80, 23, 63, 7, 4, 60, 31, 34, 71, 10, 91, 53, 19, 12, 96, 70, 62, 89, 28, 5, 16, 1, 49, 11, 3, 72, 56, 69, 52, 76, 30, 65, 13, 39, 0, 67, 45, 21, 83, 86, 15, 93, 79, 9, 38, 87, 42, 98, 54, 68, 95, 32, 99, 51, 33, 25, 61, 20, 48, 26, 36, 37, 14, 8, 66, 64]
(Iter. 3) BestSol = Solution: cost=[-2007.3200000000008], size=[73], elements=[75, 35, 57, 81, 29, 22, 88, 80, 23, 63, 7, 4, 60, 31, 34, 71, 10, 91, 53, 19, 12, 96, 70, 62, 89, 28, 5, 16, 1, 49, 11, 3, 72, 56, 69, 52, 76, 30, 65, 13, 39, 0, 67, 45, 21, 83, 86, 15, 93, 79, 9, 38, 87, 42, 98, 54, 68, 95, 32, 99, 51, 33, 25, 61, 48, 26, 36, 37, 14, 8, 66, 64, 84]
(Iter. 4) BestSol = Solution: cost=[-2027.2799999999995], size=[72], elements=[75, 35, 57, 81, 29, 22, 88, 80, 23, 63, 7, 4, 60, 31, 34, 71, 10, 53, 19, 12, 96, 70, 62, 89, 28, 5, 16, 1, 49, 11, 3, 72, 56, 69, 52, 76, 30, 65, 13, 39, 0, 67, 45, 21, 83, 86, 15, 93, 79, 9, 38, 87, 42, 98, 54, 68, 95, 32, 99, 51, 33, 25, 61, 48, 26, 36, 37, 14, 8, 66, 64, 84]
(Iter. 5) BestSol = Solution: cost=[-2033.2399999999998], size=[71], elements=[75, 35, 57, 81, 29, 22, 88, 80, 23, 63, 7, 4, 60, 31, 34, 71, 10, 53, 19, 12, 96, 70, 62, 89, 28, 5, 16, 1, 49, 11, 3, 72, 56, 69, 76, 30, 65, 13, 39, 0, 67, 45, 21, 83, 86, 15, 93, 79, 9, 38, 87, 42, 98, 54, 68, 95, 32, 99, 51, 33, 25, 61, 48, 26, 36, 37, 14, 8, 66, 64, 84]
(Iter. 6) BestSol = Solution: cost=[-2043.68], size=[70], elements=[75, 35, 57, 81, 29, 22, 88, 80, 23, 63, 7, 4, 31, 34, 71, 10, 53, 19, 12, 96, 70, 62, 89, 28, 5, 16, 1, 49, 11, 3, 72, 56, 69, 76, 30, 65, 13, 39, 0, 67, 45, 21, 83, 86, 15, 93, 79, 9, 38, 87, 42, 98, 54, 68, 95, 32, 99, 51, 33, 25, 61, 48, 26, 36, 37, 14, 8, 66, 64, 84]
(Iter. 7) BestSol = Solution: cost=[-2051.91], size=[69], elements=[75, 35, 57, 81, 29, 22, 88, 80, 23, 63, 7, 4, 31, 34, 71, 10, 53, 19, 12, 96, 70, 62, 89, 28, 5, 16, 1, 11, 3, 72, 56, 69, 76, 30, 65, 13, 39, 0, 67, 45, 21, 83, 86, 15, 93, 79, 9, 38, 87, 42, 98, 54, 68, 95, 32, 99, 51, 33, 25, 61, 48, 26, 36, 37, 14, 8, 66, 64, 84]
(Iter. 8) BestSol = Solution: cost=[-2059.21], size=[68], elements=[75, 35, 57, 81, 29, 22, 88, 80, 23, 63, 7, 4, 31, 34, 71, 10, 53, 19, 12, 96, 70, 62, 89, 28, 5, 16, 1, 11, 3, 72, 56, 76, 30, 65, 13, 39, 0, 67, 45, 21, 83, 86, 15, 93, 79, 9, 38, 87, 42, 98, 54, 68, 95, 32, 99, 51, 33, 25, 61, 48, 26, 36, 37, 14, 8, 66, 64, 84]
(Iter. 16) BestSol = Solution: cost=[-2062.9], size=[67], elements=[75, 35, 57, 81, 29, 22, 88, 80, 23, 63, 7, 4, 31, 34, 71, 10, 53, 19, 96, 70, 62, 89, 28, 16, 1, 11, 3, 72, 56, 76, 30, 65, 13, 39, 0, 67, 45, 21, 83, 86, 15, 93, 79, 9, 38, 87, 42, 98, 54, 68, 95, 32, 99, 51, 33, 25, 61, 48, 26, 37, 14, 8, 64, 58, 20, 94, 5]
Best solution found: Solution: cost=[-2062.9], size=[67], elements=[75, 35, 57, 81, 29, 22, 88, 80, 23, 63, 7, 4, 31, 34, 71, 10, 53, 19, 96, 70, 62, 89, 28, 16, 1, 11, 3, 72, 56, 76, 30, 65, 13, 39, 0, 67, 45, 21, 83, 86, 15, 93, 79, 9, 38, 87, 42, 98, 54, 68, 95, 32, 99, 51, 33, 25, 61, 48, 26, 37, 14, 8, 64, 58, 20, 94, 5]
Time (s): 1800.014
