(Iter. 0) BestSol = Solution: cost=[-1251.4499999999994], size=[75], elements=[74, 28, 18, 54, 63, 81, 99, 35, 87, 14, 41, 62, 70, 26, 57, 66, 22, 55, 67, 25, 59, 32, 6, 7, 12, 94, 72, 10, 95, 24, 13, 83, 88, 79, 60, 3, 20, 92, 76, 27, 90, 37, 5, 42, 98, 23, 16, 93, 45, 84, 68, 75, 51, 61, 50, 36, 2, 73, 91, 86, 38, 64, 9, 58, 43, 31, 47, 11, 21, 77, 69, 39, 85, 48, 82]
(Iter. 1) BestSol = Solution: cost=[-1312.0], size=[75], elements=[74, 28, 18, 54, 63, 81, 99, 35, 87, 14, 41, 62, 70, 26, 57, 66, 22, 55, 67, 25, 59, 32, 6, 7, 12, 94, 72, 10, 95, 24, 13, 83, 88, 79, 60, 3, 20, 92, 76, 27, 90, 37, 5, 42, 98, 23, 16, 93, 45, 84, 68, 75, 51, 61, 50, 36, 2, 73, 91, 86, 38, 64, 9, 58, 43, 31, 47, 11, 77, 69, 39, 85, 48, 82, 78]
(Iter. 2) BestSol = Solution: cost=[-1346.3999999999996], size=[75], elements=[74, 28, 18, 54, 63, 81, 99, 35, 87, 14, 41, 62, 70, 26, 57, 66, 22, 55, 67, 25, 59, 32, 6, 7, 12, 94, 72, 10, 95, 24, 13, 83, 88, 79, 60, 3, 20, 92, 76, 27, 90, 37, 5, 42, 98, 23, 16, 93, 45, 84, 68, 75, 51, 61, 50, 36, 2, 73, 91, 86, 38, 64, 9, 58, 43, 31, 11, 77, 69, 39, 85, 48, 82, 78, 4]
(Iter. 3) BestSol = Solution: cost=[-1386.239999999999], size=[75], elements=[74, 28, 54, 63, 81, 99, 35, 87, 14, 41, 62, 70, 26, 57, 66, 22, 55, 67, 25, 59, 32, 6, 7, 12, 94, 72, 10, 95, 24, 13, 83, 88, 79, 60, 3, 20, 92, 76, 27, 90, 37, 5, 42, 98, 23, 16, 93, 45, 84, 68, 75, 51, 61, 50, 36, 2, 73, 91, 86, 38, 64, 9, 58, 43, 31, 11, 77, 69, 39, 85, 48, 82, 78, 4, 97]
(Iter. 4) BestSol = Solution: cost=[-1424.1099999999988], size=[75], elements=[74, 28, 54, 63, 81, 99, 35, 87, 14, 41, 62, 70, 26, 57, 66, 22, 55, 67, 25, 59, 32, 6, 7, 12, 94, 72, 10, 95, 24, 13, 83, 88, 79, 60, 3, 20, 92, 76, 27, 90, 37, 5, 42, 98, 23, 16, 93, 45, 84, 75, 51, 61, 50, 36, 2, 73, 91, 86, 38, 64, 9, 58, 43, 31, 11, 77, 69, 39, 85, 48, 82, 78, 4, 97, 17]
(Iter. 5) BestSol = Solution: cost=[-1455.389999999999], size=[74], elements=[74, 28, 54, 63, 81, 99, 35, 87, 14, 41, 62, 70, 26, 57, 66, 22, 55, 67, 25, 59, 32, 6, 7, 12, 94, 72, 10, 95, 24, 13, 83, 88, 79, 3, 20, 92, 76, 27, 90, 37, 5, 42, 98, 23, 16, 93, 45, 84, 75, 51, 61, 50, 36, 2, 73, 91, 86, 38, 64, 9, 58, 43, 31, 11, 77, 69, 39, 85, 48, 82, 78, 4, 97, 17]
(Iter. 6) BestSol = Solution: cost=[-1476.2899999999993], size=[73], elements=[74, 28, 54, 63, 81, 99, 35, 87, 14, 41, 62, 70, 57, 66, 22, 55, 67, 25, 59, 32, 6, 7, 12, 94, 72, 10, 95, 24, 13, 83, 88, 79, 3, 20, 92, 76, 27, 90, 37, 5, 42, 98, 23, 16, 93, 45, 84, 75, 51, 61, 50, 36, 2, 73, 91, 86, 38, 64, 9, 58, 43, 31, 11, 77, 69, 39, 85, 48, 82, 78, 4, 97, 17]
(Iter. 7) BestSol = Solution: cost=[-1496.4499999999996], size=[72], elements=[74, 28, 54, 63, 81, 99, 35, 87, 14, 41, 62, 70, 57, 66, 22, 55, 67, 25, 59, 32, 6, 7, 12, 94, 72, 10, 95, 24, 13, 83, 88, 79, 3, 20, 92, 76, 27, 90, 37, 5, 42, 98, 23, 16, 93, 45, 84, 75, 51, 61, 50, 36, 2, 73, 91, 86, 64, 9, 58, 43, 31, 11, 77, 69, 39, 85, 48, 82, 78, 4, 97, 17]
(Iter. 8) BestSol = Solution: cost=[-1509.3499999999995], size=[71], elements=[74, 28, 54, 63, 81, 99, 35, 87, 14, 41, 62, 70, 57, 66, 22, 55, 67, 25, 59, 32, 6, 7, 12, 94, 72, 10, 95, 24, 13, 83, 88, 79, 3, 20, 92, 76, 27, 90, 37, 5, 42, 98, 23, 16, 93, 45, 84, 51, 61, 50, 36, 2, 73, 91, 86, 64, 9, 58, 43, 31, 11, 77, 69, 39, 85, 48, 82, 78, 4, 97, 17]
(Iter. 9) BestSol = Solution: cost=[-1525.7999999999997], size=[70], elements=[74, 28, 54, 63, 81, 99, 35, 87, 14, 41, 62, 70, 57, 66, 22, 55, 67, 25, 59, 32, 6, 7, 12, 94, 72, 10, 95, 24, 13, 83, 88, 79, 3, 20, 92, 76, 27, 90, 37, 5, 42, 98, 23, 16, 93, 45, 84, 51, 61, 50, 36, 2, 91, 86, 64, 9, 58, 43, 31, 11, 77, 69, 39, 85, 48, 82, 78, 4, 97, 17]
(Iter. 10) BestSol = Solution: cost=[-1546.19], size=[70], elements=[74, 28, 54, 81, 99, 35, 87, 14, 41, 62, 70, 57, 66, 22, 55, 67, 25, 59, 32, 6, 7, 12, 94, 72, 10, 95, 24, 13, 83, 88, 79, 3, 20, 92, 76, 27, 90, 37, 5, 42, 98, 23, 16, 93, 45, 84, 51, 61, 50, 36, 2, 91, 86, 64, 9, 58, 43, 31, 11, 77, 69, 39, 85, 48, 82, 78, 4, 97, 17, 96]
(Iter. 11) BestSol = Solution: cost=[-1546.8000000000002], size=[69], elements=[74, 28, 54, 81, 99, 35, 87, 14, 41, 62, 70, 57, 66, 22, 55, 67, 25, 59, 32, 6, 7, 12, 94, 72, 95, 24, 13, 83, 88, 79, 3, 20, 92, 76, 27, 90, 37, 5, 42, 98, 23, 16, 93, 45, 84, 51, 61, 50, 36, 2, 91, 86, 64, 9, 58, 43, 31, 11, 77, 69, 39, 85, 48, 82, 78, 4, 97, 17, 96]
(Iter. 12) BestSol = Solution: cost=[-1548.37], size=[69], elements=[74, 28, 54, 81, 99, 35, 87, 14, 41, 62, 70, 57, 66, 22, 55, 67, 25, 59, 32, 6, 7, 12, 94, 72, 95, 24, 13, 83, 88, 79, 3, 20, 76, 27, 90, 37, 5, 42, 98, 23, 16, 93, 45, 84, 51, 61, 50, 36, 2, 91, 86, 64, 9, 58, 43, 31, 11, 77, 69, 39, 85, 48, 82, 78, 4, 97, 17, 96, 0]
(Iter. 14) BestSol = Solution: cost=[-1553.1800000000003], size=[68], elements=[74, 54, 81, 99, 35, 87, 14, 41, 62, 70, 57, 66, 22, 55, 67, 25, 59, 32, 6, 7, 12, 94, 72, 95, 24, 13, 83, 88, 79, 20, 76, 27, 90, 37, 5, 42, 98, 23, 16, 93, 45, 84, 51, 61, 50, 36, 2, 91, 86, 64, 9, 58, 43, 31, 11, 77, 69, 39, 85, 48, 82, 78, 4, 97, 17, 96, 0, 10]
(Iter. 15) BestSol = Solution: cost=[-1556.5999999999997], size=[68], elements=[74, 54, 81, 99, 35, 87, 14, 41, 62, 57, 66, 22, 55, 67, 25, 59, 32, 6, 7, 12, 94, 72, 95, 24, 13, 83, 88, 79, 20, 76, 27, 90, 37, 5, 42, 98, 23, 16, 93, 45, 84, 51, 61, 50, 36, 2, 91, 86, 64, 9, 58, 43, 31, 11, 77, 69, 39, 85, 48, 82, 78, 4, 97, 17, 96, 0, 10, 3]
Best solution found: Solution: cost=[-1556.5999999999997], size=[68], elements=[74, 54, 81, 99, 35, 87, 14, 41, 62, 57, 66, 22, 55, 67, 25, 59, 32, 6, 7, 12, 94, 72, 95, 24, 13, 83, 88, 79, 20, 76, 27, 90, 37, 5, 42, 98, 23, 16, 93, 45, 84, 51, 61, 50, 36, 2, 91, 86, 64, 9, 58, 43, 31, 11, 77, 69, 39, 85, 48, 82, 78, 4, 97, 17, 96, 0, 10, 3]
Time (s): 1800,010
