(Iter. 0) BestSol = Solution: cost=[-1361.5899999999995], size=[57], elements=[87, 13, 95, 98, 26, 51, 4, 68, 49, 71, 86, 60, 99, 14, 27, 58, 24, 18, 19, 88, 40, 76, 29, 46, 79, 38, 37, 47, 85, 92, 17, 82, 80, 11, 31, 44, 77, 2, 64, 48, 45, 59, 54, 1, 16, 73, 8, 43, 50, 81, 83, 56, 57, 36, 0, 91, 96]
(Iter. 1) BestSol = Solution: cost=[-1393.6499999999994], size=[57], elements=[87, 13, 95, 98, 26, 51, 4, 68, 49, 71, 86, 60, 99, 14, 27, 24, 18, 19, 88, 40, 76, 29, 46, 79, 38, 37, 47, 85, 92, 17, 82, 80, 11, 31, 44, 77, 2, 64, 48, 45, 59, 54, 1, 16, 73, 8, 43, 50, 81, 83, 56, 57, 36, 0, 91, 96, 97]
(Iter. 2) BestSol = Solution: cost=[-1419.2099999999998], size=[57], elements=[13, 95, 98, 26, 51, 4, 68, 49, 71, 86, 60, 99, 14, 27, 24, 18, 19, 88, 40, 76, 29, 46, 79, 38, 37, 47, 85, 92, 17, 82, 80, 11, 31, 44, 77, 2, 64, 48, 45, 59, 54, 1, 16, 73, 8, 43, 50, 81, 83, 56, 57, 36, 0, 91, 96, 97, 6]
(Iter. 3) BestSol = Solution: cost=[-1440.83], size=[57], elements=[13, 95, 98, 26, 51, 4, 68, 49, 71, 86, 60, 99, 14, 27, 24, 18, 19, 88, 40, 76, 29, 46, 79, 38, 37, 47, 85, 92, 17, 82, 80, 11, 31, 44, 77, 64, 48, 45, 59, 54, 1, 16, 73, 8, 43, 50, 81, 83, 56, 57, 36, 0, 91, 96, 97, 6, 25]
(Iter. 4) BestSol = Solution: cost=[-1449.6199999999997], size=[58], elements=[13, 95, 98, 26, 51, 4, 68, 49, 71, 86, 60, 99, 14, 27, 24, 18, 19, 88, 40, 76, 29, 46, 79, 38, 37, 47, 85, 92, 17, 82, 80, 11, 31, 44, 77, 64, 48, 45, 59, 54, 1, 16, 73, 8, 43, 50, 81, 83, 56, 57, 36, 0, 91, 96, 97, 6, 25, 93]
(Iter. 5) BestSol = Solution: cost=[-1463.1199999999997], size=[59], elements=[13, 95, 98, 26, 51, 4, 68, 49, 71, 86, 60, 99, 14, 27, 24, 18, 19, 88, 40, 76, 29, 46, 79, 38, 37, 47, 85, 92, 17, 82, 80, 11, 31, 44, 77, 64, 48, 45, 59, 54, 1, 16, 73, 8, 43, 50, 81, 83, 56, 57, 36, 0, 91, 96, 97, 6, 25, 93, 5]
(Iter. 6) BestSol = Solution: cost=[-1478.7699999999998], size=[60], elements=[13, 95, 98, 26, 51, 4, 68, 49, 71, 86, 60, 99, 14, 27, 24, 18, 19, 88, 40, 76, 29, 46, 79, 38, 37, 47, 85, 92, 17, 82, 80, 11, 31, 44, 77, 64, 48, 45, 59, 54, 1, 16, 73, 8, 43, 50, 81, 83, 56, 57, 36, 0, 91, 96, 97, 6, 25, 93, 5, 34]
(Iter. 7) BestSol = Solution: cost=[-1501.6299999999994], size=[60], elements=[13, 95, 98, 26, 51, 4, 68, 49, 71, 86, 60, 99, 14, 27, 24, 18, 19, 88, 40, 76, 29, 46, 79, 38, 37, 47, 85, 92, 17, 80, 11, 31, 44, 77, 64, 48, 45, 59, 54, 1, 16, 73, 8, 43, 50, 81, 83, 56, 57, 36, 0, 91, 96, 97, 6, 25, 93, 5, 34, 42]
(Iter. 8) BestSol = Solution: cost=[-1515.95], size=[60], elements=[13, 95, 98, 26, 51, 4, 68, 49, 71, 86, 60, 99, 14, 27, 24, 18, 19, 88, 40, 76, 29, 46, 79, 38, 37, 47, 85, 92, 17, 80, 11, 31, 44, 77, 64, 48, 45, 59, 54, 1, 16, 73, 8, 43, 50, 81, 83, 56, 36, 0, 91, 96, 97, 6, 25, 93, 5, 34, 42, 72]
(Iter. 9) BestSol = Solution: cost=[-1519.9399999999996], size=[61], elements=[13, 95, 98, 26, 51, 4, 68, 49, 71, 86, 60, 99, 14, 27, 24, 18, 19, 88, 40, 76, 29, 46, 79, 38, 37, 47, 85, 92, 17, 80, 11, 31, 44, 77, 64, 48, 45, 59, 54, 1, 16, 73, 8, 43, 50, 81, 83, 56, 36, 0, 91, 96, 97, 6, 25, 93, 5, 34, 42, 72, 55]
(Iter. 10) BestSol = Solution: cost=[-1530.39], size=[61], elements=[13, 95, 98, 26, 51, 4, 68, 49, 71, 86, 60, 99, 14, 27, 24, 18, 19, 88, 40, 76, 29, 46, 79, 38, 37, 47, 85, 92, 17, 80, 11, 31, 44, 77, 64, 48, 45, 59, 54, 1, 16, 73, 8, 43, 50, 81, 56, 36, 0, 91, 96, 97, 6, 25, 93, 5, 34, 42, 72, 55, 9]
(Iter. 11) BestSol = Solution: cost=[-1550.5399999999997], size=[61], elements=[13, 95, 98, 26, 51, 4, 68, 49, 71, 86, 60, 99, 14, 27, 24, 18, 19, 88, 40, 76, 29, 46, 79, 38, 37, 47, 85, 92, 17, 80, 11, 31, 44, 77, 64, 48, 45, 59, 54, 1, 16, 73, 8, 43, 50, 81, 36, 0, 91, 96, 97, 6, 25, 93, 5, 34, 42, 72, 55, 9, 70]
(Iter. 12) BestSol = Solution: cost=[-1560.6299999999997], size=[61], elements=[13, 95, 98, 26, 51, 4, 68, 49, 71, 86, 60, 99, 14, 27, 24, 18, 19, 88, 40, 76, 29, 46, 79, 38, 37, 47, 85, 92, 17, 80, 11, 31, 44, 77, 64, 48, 45, 59, 54, 1, 16, 73, 8, 43, 50, 81, 36, 0, 91, 96, 97, 6, 93, 5, 34, 42, 72, 55, 9, 70, 2]
(Iter. 13) BestSol = Solution: cost=[-1564.6199999999997], size=[62], elements=[13, 95, 98, 26, 51, 4, 68, 49, 71, 86, 60, 99, 14, 27, 24, 18, 19, 88, 40, 76, 29, 46, 79, 38, 37, 47, 85, 92, 17, 80, 11, 31, 44, 77, 64, 48, 45, 59, 54, 1, 16, 73, 8, 43, 50, 81, 36, 0, 91, 96, 97, 6, 93, 5, 34, 42, 72, 55, 9, 70, 2, 84]
(Iter. 14) BestSol = Solution: cost=[-1569.34], size=[62], elements=[13, 95, 98, 26, 51, 4, 68, 49, 71, 86, 60, 99, 14, 27, 24, 18, 19, 40, 76, 29, 46, 79, 38, 37, 47, 85, 92, 17, 80, 11, 31, 44, 77, 64, 48, 45, 59, 54, 1, 16, 73, 8, 43, 50, 81, 36, 0, 91, 96, 97, 6, 93, 5, 34, 42, 72, 55, 9, 70, 2, 84, 78]
Best solution found: Solution: cost=[-1569.34], size=[62], elements=[13, 95, 98, 26, 51, 4, 68, 49, 71, 86, 60, 99, 14, 27, 24, 18, 19, 40, 76, 29, 46, 79, 38, 37, 47, 85, 92, 17, 80, 11, 31, 44, 77, 64, 48, 45, 59, 54, 1, 16, 73, 8, 43, 50, 81, 36, 0, 91, 96, 97, 6, 93, 5, 34, 42, 72, 55, 9, 70, 2, 84, 78]
Time (s): 1800.016
