(Iter. 0) BestSol = Solution: cost=[-274.56999999999994], size=[30], elements=[41, 32, 37, 17, 14, 30, 9, 20, 11, 36, 44, 45, 29, 39, 43, 18, 0, 40, 15, 23, 7, 35, 12, 24, 47, 21, 48, 6, 19, 10]
(Iter. 1) BestSol = Solution: cost=[-318.84000000000015], size=[30], elements=[41, 32, 37, 17, 14, 30, 9, 20, 11, 36, 44, 45, 29, 39, 43, 18, 0, 40, 15, 23, 7, 35, 12, 24, 47, 21, 6, 19, 10, 28]
(Iter. 2) BestSol = Solution: cost=[-340.48000000000013], size=[30], elements=[41, 32, 37, 17, 14, 30, 9, 11, 36, 44, 45, 29, 39, 43, 18, 0, 40, 15, 23, 7, 35, 12, 24, 47, 21, 6, 19, 10, 28, 49]
(Iter. 3) BestSol = Solution: cost=[-371.56000000000006], size=[30], elements=[41, 32, 37, 17, 14, 9, 11, 36, 44, 45, 29, 39, 43, 18, 0, 40, 15, 23, 7, 35, 12, 24, 47, 21, 6, 19, 10, 28, 49, 31]
(Iter. 4) BestSol = Solution: cost=[-379.15], size=[29], elements=[41, 32, 37, 17, 14, 9, 11, 36, 44, 45, 29, 39, 43, 18, 0, 40, 15, 7, 35, 12, 24, 47, 21, 6, 19, 10, 28, 49, 31]
(Iter. 5) BestSol = Solution: cost=[-386.49], size=[28], elements=[41, 32, 37, 17, 14, 9, 11, 36, 44, 45, 29, 39, 43, 18, 0, 40, 15, 7, 35, 12, 24, 47, 21, 6, 19, 10, 49, 31]
(Iter. 21) BestSol = Solution: cost=[-397.28999999999996], size=[33], elements=[41, 37, 17, 14, 9, 36, 29, 39, 43, 18, 0, 40, 15, 7, 35, 12, 47, 21, 19, 49, 31, 33, 3, 25, 27, 46, 26, 4, 28, 16, 23, 45, 11]
(Iter. 22) BestSol = Solution: cost=[-422.2399999999999], size=[33], elements=[41, 37, 17, 14, 9, 36, 29, 39, 43, 18, 0, 40, 15, 7, 35, 12, 47, 21, 19, 49, 31, 33, 3, 25, 27, 26, 4, 28, 16, 23, 45, 11, 6]
(Iter. 23) BestSol = Solution: cost=[-440.22], size=[33], elements=[41, 37, 17, 14, 9, 36, 29, 39, 43, 18, 0, 15, 7, 35, 12, 47, 21, 19, 49, 31, 33, 3, 25, 27, 26, 4, 28, 16, 23, 45, 11, 6, 24]
(Iter. 67) BestSol = Solution: cost=[-444.95], size=[35], elements=[37, 17, 14, 39, 18, 0, 15, 7, 35, 12, 47, 21, 19, 49, 25, 26, 16, 23, 11, 6, 29, 9, 45, 24, 43, 36, 3, 41, 28, 40, 48, 44, 27, 2, 33]
Best solution found: Solution: cost=[-444.95], size=[35], elements=[37, 17, 14, 39, 18, 0, 15, 7, 35, 12, 47, 21, 19, 49, 25, 26, 16, 23, 11, 6, 29, 9, 45, 24, 43, 36, 3, 41, 28, 40, 48, 44, 27, 2, 33]
Time (s): 1800,013
