(Iter. 0) BestSol = Solution: cost=[-1186.5399999999995], size=[75], elements=[74, 28, 54, 63, 81, 99, 35, 87, 14, 41, 62, 70, 26, 57, 66, 22, 55, 67, 25, 59, 32, 6, 7, 12, 94, 72, 10, 95, 24, 13, 83, 88, 79, 60, 3, 20, 92, 76, 27, 90, 37, 5, 42, 98, 23, 16, 93, 45, 84, 68, 75, 51, 61, 50, 36, 2, 73, 91, 86, 38, 64, 9, 58, 43, 31, 71, 15, 82, 69, 97, 39, 4, 47, 78, 11]
(Iter. 1) BestSol = Solution: cost=[-1197.5699999999993], size=[74], elements=[74, 28, 54, 81, 99, 35, 87, 14, 41, 62, 70, 26, 57, 66, 22, 55, 67, 25, 59, 32, 6, 7, 12, 94, 72, 10, 95, 24, 13, 83, 88, 79, 60, 3, 20, 92, 76, 27, 90, 37, 5, 42, 98, 23, 16, 93, 45, 84, 68, 75, 51, 61, 50, 36, 2, 73, 91, 86, 38, 64, 9, 58, 43, 31, 71, 15, 82, 69, 97, 39, 4, 47, 78, 11]
(Iter. 3) BestSol = Solution: cost=[-1239.8099999999993], size=[74], elements=[74, 28, 54, 81, 99, 35, 87, 14, 41, 62, 70, 26, 57, 66, 22, 55, 67, 25, 59, 32, 6, 7, 12, 94, 72, 10, 95, 24, 13, 83, 88, 79, 60, 3, 20, 92, 76, 27, 90, 37, 5, 42, 98, 23, 16, 93, 45, 84, 68, 75, 51, 61, 50, 36, 2, 73, 91, 86, 38, 64, 9, 58, 43, 31, 71, 15, 82, 69, 97, 39, 4, 78, 11, 17]
(Iter. 10) BestSol = Solution: cost=[-1253.7299999999998], size=[75], elements=[74, 54, 81, 99, 35, 87, 14, 41, 62, 70, 26, 57, 66, 22, 55, 67, 25, 59, 32, 6, 7, 12, 94, 72, 10, 95, 24, 13, 83, 88, 79, 60, 3, 20, 92, 76, 27, 90, 37, 5, 42, 98, 23, 16, 93, 45, 84, 68, 51, 61, 50, 36, 2, 73, 91, 86, 38, 64, 9, 58, 43, 31, 71, 82, 69, 97, 39, 4, 78, 11, 17, 96, 80, 65, 48]
(Iter. 11) BestSol = Solution: cost=[-1338.95], size=[75], elements=[74, 54, 81, 99, 35, 87, 14, 41, 62, 70, 26, 57, 66, 22, 55, 67, 25, 59, 32, 6, 7, 12, 94, 72, 10, 95, 24, 13, 83, 88, 79, 60, 3, 20, 92, 76, 27, 90, 37, 5, 42, 98, 23, 16, 93, 45, 84, 68, 51, 61, 50, 36, 2, 73, 91, 86, 38, 64, 9, 58, 43, 31, 82, 69, 97, 39, 4, 78, 11, 17, 96, 80, 65, 48, 85]
(Iter. 16) BestSol = Solution: cost=[-1346.2600000000002], size=[74], elements=[74, 54, 81, 99, 35, 87, 14, 41, 62, 57, 66, 22, 55, 67, 25, 59, 32, 6, 7, 12, 94, 72, 10, 95, 24, 13, 83, 88, 79, 60, 3, 20, 92, 76, 27, 90, 37, 5, 42, 98, 23, 16, 93, 45, 84, 51, 61, 50, 36, 2, 73, 91, 86, 38, 64, 9, 58, 43, 31, 82, 69, 97, 39, 4, 78, 11, 17, 96, 80, 65, 48, 85, 89, 77]
(Iter. 17) BestSol = Solution: cost=[-1413.3899999999999], size=[73], elements=[74, 54, 81, 99, 35, 87, 14, 41, 62, 57, 66, 22, 55, 67, 25, 59, 32, 6, 7, 12, 94, 72, 10, 95, 24, 13, 83, 88, 79, 60, 3, 20, 92, 76, 27, 90, 37, 5, 42, 98, 23, 16, 93, 45, 84, 51, 61, 50, 36, 2, 73, 91, 86, 38, 64, 9, 58, 43, 31, 82, 69, 97, 39, 4, 78, 11, 17, 96, 80, 65, 48, 85, 77]
(Iter. 20) BestSol = Solution: cost=[-1451.969999999999], size=[72], elements=[74, 54, 81, 99, 35, 87, 14, 41, 62, 57, 66, 22, 55, 67, 25, 59, 32, 6, 7, 12, 94, 72, 10, 95, 24, 13, 83, 88, 79, 3, 20, 92, 76, 27, 90, 37, 5, 42, 98, 23, 16, 93, 45, 84, 51, 61, 50, 36, 2, 73, 91, 86, 38, 64, 9, 58, 43, 31, 82, 69, 97, 39, 4, 78, 11, 17, 96, 65, 48, 85, 77, 44]
(Iter. 21) BestSol = Solution: cost=[-1486.54], size=[72], elements=[74, 54, 81, 99, 35, 87, 14, 41, 62, 57, 66, 22, 55, 67, 25, 59, 32, 6, 7, 12, 94, 72, 10, 95, 24, 13, 83, 88, 79, 3, 20, 92, 76, 27, 90, 37, 5, 42, 98, 23, 16, 93, 45, 84, 51, 61, 50, 36, 2, 73, 91, 86, 38, 64, 9, 58, 43, 31, 82, 69, 97, 39, 4, 78, 11, 17, 96, 65, 48, 85, 77, 70]
(Iter. 22) BestSol = Solution: cost=[-1504.3699999999994], size=[71], elements=[74, 54, 81, 99, 35, 87, 14, 41, 62, 57, 66, 22, 55, 67, 25, 59, 32, 6, 7, 12, 94, 72, 10, 95, 24, 13, 83, 88, 79, 3, 20, 92, 76, 27, 90, 37, 5, 42, 98, 23, 16, 93, 45, 84, 51, 61, 50, 36, 2, 91, 86, 38, 64, 9, 58, 43, 31, 82, 69, 97, 39, 4, 78, 11, 17, 96, 65, 48, 85, 77, 70]
(Iter. 23) BestSol = Solution: cost=[-1515.1299999999992], size=[70], elements=[74, 54, 81, 99, 35, 87, 14, 41, 62, 57, 66, 22, 55, 67, 25, 59, 32, 6, 7, 12, 94, 72, 10, 95, 24, 13, 83, 88, 79, 3, 20, 92, 76, 27, 90, 37, 5, 42, 98, 23, 16, 93, 45, 84, 51, 61, 50, 36, 2, 91, 86, 64, 9, 58, 43, 31, 82, 69, 97, 39, 4, 78, 11, 17, 96, 65, 48, 85, 77, 70]
Best solution found: Solution: cost=[-1515.1299999999992], size=[70], elements=[74, 54, 81, 99, 35, 87, 14, 41, 62, 57, 66, 22, 55, 67, 25, 59, 32, 6, 7, 12, 94, 72, 10, 95, 24, 13, 83, 88, 79, 3, 20, 92, 76, 27, 90, 37, 5, 42, 98, 23, 16, 93, 45, 84, 51, 61, 50, 36, 2, 91, 86, 64, 9, 58, 43, 31, 82, 69, 97, 39, 4, 78, 11, 17, 96, 65, 48, 85, 77, 70]
Time (s): 1800.031
