(Iter. 0) BestSol = Solution: cost=[-1786.7000000000005], size=[76], elements=[75, 35, 57, 81, 29, 22, 88, 80, 23, 63, 24, 7, 4, 60, 31, 34, 71, 10, 91, 46, 53, 19, 12, 18, 96, 70, 62, 89, 28, 5, 16, 1, 49, 11, 3, 72, 56, 69, 52, 76, 30, 65, 13, 39, 0, 67, 45, 21, 83, 86, 15, 93, 79, 9, 38, 87, 42, 98, 54, 68, 95, 32, 99, 51, 33, 25, 61, 20, 48, 26, 36, 37, 14, 8, 66, 44]
(Iter. 1) BestSol = Solution: cost=[-1788.7100000000005], size=[77], elements=[75, 35, 57, 81, 29, 22, 88, 80, 23, 63, 24, 7, 4, 60, 31, 34, 71, 10, 91, 46, 53, 19, 12, 18, 96, 70, 62, 89, 28, 5, 16, 1, 49, 11, 3, 72, 56, 69, 52, 76, 30, 65, 13, 39, 0, 67, 45, 21, 83, 86, 15, 93, 79, 9, 38, 87, 42, 98, 54, 68, 95, 32, 99, 51, 33, 25, 61, 20, 48, 26, 36, 37, 14, 8, 66, 44, 64]
(Iter. 2) BestSol = Solution: cost=[-1873.6099999999997], size=[77], elements=[75, 35, 57, 81, 29, 22, 88, 80, 23, 63, 7, 4, 60, 31, 34, 71, 10, 91, 46, 53, 19, 12, 18, 96, 70, 62, 89, 28, 5, 16, 1, 49, 11, 3, 72, 56, 69, 52, 76, 30, 65, 13, 39, 0, 67, 45, 21, 83, 86, 15, 93, 79, 9, 38, 87, 42, 98, 54, 68, 95, 32, 99, 51, 33, 25, 61, 20, 48, 26, 36, 37, 14, 8, 66, 44, 64, 94]
(Iter. 3) BestSol = Solution: cost=[-1875.1199999999994], size=[76], elements=[75, 35, 57, 81, 29, 22, 88, 80, 23, 63, 7, 4, 31, 34, 71, 10, 91, 46, 53, 19, 12, 18, 96, 70, 62, 89, 28, 5, 16, 1, 49, 11, 3, 72, 56, 69, 52, 76, 30, 65, 13, 39, 0, 67, 45, 21, 83, 86, 15, 93, 79, 9, 38, 87, 42, 98, 54, 68, 95, 32, 99, 51, 33, 25, 61, 20, 48, 26, 36, 37, 14, 8, 66, 44, 64, 94]
(Iter. 6) BestSol = Solution: cost=[-1876.6899999999996], size=[77], elements=[75, 35, 57, 81, 29, 22, 88, 80, 23, 63, 7, 4, 31, 34, 71, 10, 91, 53, 19, 12, 18, 96, 70, 62, 89, 28, 5, 16, 1, 49, 11, 3, 72, 56, 69, 52, 76, 30, 65, 13, 39, 0, 67, 45, 21, 83, 86, 15, 93, 79, 9, 38, 87, 42, 98, 54, 68, 95, 32, 99, 51, 33, 25, 61, 20, 48, 26, 36, 37, 14, 8, 66, 44, 64, 94, 2, 82]
(Iter. 7) BestSol = Solution: cost=[-1925.8499999999995], size=[76], elements=[75, 35, 57, 81, 29, 22, 88, 80, 23, 63, 7, 4, 31, 34, 71, 10, 91, 53, 19, 12, 96, 70, 62, 89, 28, 5, 16, 1, 49, 11, 3, 72, 56, 69, 52, 76, 30, 65, 13, 39, 0, 67, 45, 21, 83, 86, 15, 93, 79, 9, 38, 87, 42, 98, 54, 68, 95, 32, 99, 51, 33, 25, 61, 20, 48, 26, 36, 37, 14, 8, 66, 44, 64, 94, 2, 82]
(Iter. 67331) BestSol = Solution: cost=[-1935.9399999999998], size=[65], elements=[28, 38, 25, 23, 65, 98, 45, 26, 31, 13, 67, 32, 3, 1, 51, 37, 87, 89, 72, 15, 35, 95, 54, 83, 48, 58, 86, 79, 99, 64, 88, 53, 56, 96, 30, 68, 19, 20, 33, 34, 10, 62, 0, 63, 22, 4, 29, 9, 57, 5, 61, 74, 16, 81, 70, 75, 93, 80, 42, 21, 46, 39, 7, 11, 71]
(Iter. 67332) BestSol = Solution: cost=[-1999.0499999999995], size=[65], elements=[28, 38, 25, 23, 65, 98, 45, 26, 31, 13, 67, 32, 3, 1, 51, 37, 87, 89, 72, 15, 35, 95, 54, 83, 48, 58, 86, 79, 99, 64, 88, 53, 56, 96, 30, 68, 19, 20, 33, 34, 10, 62, 0, 63, 22, 4, 29, 9, 57, 5, 61, 74, 16, 81, 70, 75, 93, 80, 42, 21, 39, 7, 11, 71, 14]
(Iter. 67333) BestSol = Solution: cost=[-2018.2199999999993], size=[66], elements=[28, 38, 25, 23, 65, 98, 45, 26, 31, 13, 67, 32, 3, 1, 51, 37, 87, 89, 72, 15, 35, 95, 54, 83, 48, 58, 86, 79, 99, 64, 88, 53, 56, 96, 30, 68, 19, 20, 33, 34, 10, 62, 0, 63, 22, 4, 29, 9, 57, 5, 61, 74, 16, 81, 70, 75, 93, 80, 42, 21, 39, 7, 11, 71, 14, 76]
(Iter. 67334) BestSol = Solution: cost=[-2055.3], size=[66], elements=[28, 38, 25, 23, 65, 98, 45, 26, 31, 13, 67, 32, 3, 1, 51, 37, 87, 89, 72, 15, 35, 95, 54, 83, 48, 58, 86, 79, 99, 64, 88, 53, 56, 96, 30, 68, 19, 20, 33, 34, 10, 62, 0, 63, 22, 4, 29, 9, 57, 5, 61, 16, 81, 70, 75, 93, 80, 42, 21, 39, 7, 11, 71, 14, 76, 8]
Best solution found: Solution: cost=[-2055.3], size=[66], elements=[28, 38, 25, 23, 65, 98, 45, 26, 31, 13, 67, 32, 3, 1, 51, 37, 87, 89, 72, 15, 35, 95, 54, 83, 48, 58, 86, 79, 99, 64, 88, 53, 56, 96, 30, 68, 19, 20, 33, 34, 10, 62, 0, 63, 22, 4, 29, 9, 57, 5, 61, 16, 81, 70, 75, 93, 80, 42, 21, 39, 7, 11, 71, 14, 76, 8]
Time (s): 1800.016
