(Iter. 0) BestSol = Solution: cost=[-1316.6799999999998], size=[56], elements=[87, 15, 13, 95, 98, 26, 51, 4, 68, 49, 71, 86, 60, 99, 14, 27, 24, 18, 19, 88, 40, 76, 29, 46, 79, 38, 37, 47, 85, 92, 17, 82, 80, 11, 31, 44, 77, 2, 64, 48, 45, 59, 54, 1, 16, 73, 8, 43, 50, 81, 83, 56, 57, 36, 0, 69]
(Iter. 1) BestSol = Solution: cost=[-1318.09], size=[57], elements=[87, 15, 13, 95, 98, 26, 51, 4, 68, 49, 71, 86, 60, 99, 14, 27, 24, 18, 19, 88, 40, 76, 29, 46, 79, 38, 37, 47, 85, 92, 17, 82, 80, 11, 31, 44, 77, 2, 64, 48, 45, 59, 54, 1, 16, 73, 8, 43, 50, 81, 83, 56, 57, 36, 0, 69, 6]
(Iter. 2) BestSol = Solution: cost=[-1329.3200000000002], size=[57], elements=[15, 13, 95, 98, 26, 51, 4, 68, 49, 71, 86, 60, 99, 14, 27, 24, 18, 19, 88, 40, 76, 29, 46, 79, 38, 37, 47, 85, 92, 17, 82, 80, 11, 31, 44, 77, 2, 64, 48, 45, 59, 54, 1, 16, 73, 8, 43, 50, 81, 83, 56, 57, 36, 0, 69, 6, 84]
(Iter. 3) BestSol = Solution: cost=[-1335.7100000000003], size=[58], elements=[15, 13, 95, 98, 26, 51, 4, 68, 49, 71, 86, 60, 99, 14, 27, 24, 18, 19, 88, 40, 76, 29, 46, 79, 38, 37, 47, 85, 92, 17, 82, 80, 11, 31, 44, 77, 2, 64, 48, 45, 59, 54, 1, 16, 73, 8, 43, 50, 81, 83, 56, 57, 36, 0, 69, 6, 84, 34]
(Iter. 9) BestSol = Solution: cost=[-1372.1000000000001], size=[62], elements=[13, 95, 98, 26, 51, 4, 68, 49, 71, 86, 60, 99, 14, 27, 24, 18, 19, 88, 40, 76, 29, 46, 79, 38, 37, 47, 85, 92, 17, 82, 80, 11, 31, 44, 77, 2, 64, 48, 45, 59, 54, 1, 16, 73, 8, 43, 50, 81, 83, 56, 57, 36, 0, 69, 6, 84, 34, 61, 55, 72, 62, 96]
(Iter. 11) BestSol = Solution: cost=[-1399.5800000000002], size=[62], elements=[13, 95, 98, 26, 51, 4, 68, 49, 71, 86, 60, 99, 14, 27, 24, 18, 19, 88, 40, 76, 29, 46, 79, 38, 37, 47, 85, 92, 17, 82, 80, 11, 31, 44, 77, 2, 64, 48, 45, 59, 54, 1, 16, 73, 8, 43, 50, 81, 83, 56, 57, 36, 0, 69, 6, 84, 34, 61, 55, 72, 96, 75]
(Iter. 12) BestSol = Solution: cost=[-1425.880000000001], size=[63], elements=[13, 95, 98, 26, 51, 4, 68, 49, 71, 86, 60, 99, 14, 27, 24, 18, 19, 88, 40, 76, 29, 46, 79, 38, 37, 47, 85, 92, 17, 82, 80, 11, 31, 44, 77, 2, 64, 48, 45, 59, 54, 1, 16, 73, 8, 43, 50, 81, 83, 56, 57, 36, 0, 69, 6, 84, 34, 61, 55, 72, 96, 75, 97]
(Iter. 13) BestSol = Solution: cost=[-1428.9199999999996], size=[64], elements=[13, 95, 98, 26, 51, 4, 68, 49, 71, 86, 60, 99, 14, 27, 24, 18, 19, 88, 40, 76, 29, 46, 79, 38, 37, 47, 85, 92, 17, 82, 80, 11, 31, 44, 77, 2, 64, 48, 45, 59, 54, 1, 16, 73, 8, 43, 50, 81, 83, 56, 57, 36, 0, 69, 6, 84, 34, 61, 55, 72, 96, 75, 97, 93]
(Iter. 14) BestSol = Solution: cost=[-1443.7799999999997], size=[65], elements=[13, 95, 98, 26, 51, 4, 68, 49, 71, 86, 60, 99, 14, 27, 24, 18, 19, 88, 40, 76, 29, 46, 79, 38, 37, 47, 85, 92, 17, 82, 80, 11, 31, 44, 77, 2, 64, 48, 45, 59, 54, 1, 16, 73, 8, 43, 50, 81, 83, 56, 57, 36, 0, 69, 6, 84, 34, 61, 55, 72, 96, 75, 97, 93, 9]
(Iter. 16) BestSol = Solution: cost=[-1465.5999999999995], size=[66], elements=[13, 95, 98, 26, 51, 4, 68, 49, 71, 86, 60, 99, 14, 27, 24, 18, 19, 88, 40, 76, 29, 46, 79, 38, 37, 47, 85, 92, 17, 82, 80, 11, 31, 44, 77, 2, 64, 48, 45, 59, 54, 1, 16, 73, 8, 43, 50, 81, 83, 56, 57, 36, 0, 69, 6, 84, 34, 61, 55, 72, 96, 75, 97, 93, 9, 78]
(Iter. 18) BestSol = Solution: cost=[-1466.3499999999997], size=[67], elements=[13, 95, 98, 26, 51, 4, 68, 49, 71, 86, 60, 99, 14, 27, 24, 18, 19, 88, 40, 76, 29, 46, 79, 38, 37, 47, 85, 92, 17, 82, 80, 11, 31, 44, 77, 2, 64, 48, 45, 59, 54, 1, 16, 73, 8, 43, 50, 81, 83, 56, 57, 36, 0, 69, 6, 84, 34, 61, 55, 72, 96, 75, 97, 93, 9, 78, 25]
Best solution found: Solution: cost=[-1466.3499999999997], size=[67], elements=[13, 95, 98, 26, 51, 4, 68, 49, 71, 86, 60, 99, 14, 27, 24, 18, 19, 88, 40, 76, 29, 46, 79, 38, 37, 47, 85, 92, 17, 82, 80, 11, 31, 44, 77, 2, 64, 48, 45, 59, 54, 1, 16, 73, 8, 43, 50, 81, 83, 56, 57, 36, 0, 69, 6, 84, 34, 61, 55, 72, 96, 75, 97, 93, 9, 78, 25]
Time (s): 1800.027
