(Iter. 0) BestSol = Solution: cost=[-238.34999999999997], size=[34], elements=[41, 32, 37, 17, 14, 30, 9, 20, 11, 36, 44, 45, 29, 39, 43, 18, 0, 40, 15, 23, 7, 35, 12, 24, 47, 21, 19, 6, 28, 49, 33, 25, 13, 27]
(Iter. 1) BestSol = Solution: cost=[-256.27], size=[33], elements=[41, 32, 37, 17, 14, 9, 20, 11, 36, 44, 45, 29, 39, 43, 18, 0, 40, 15, 23, 7, 35, 12, 24, 47, 21, 19, 6, 28, 49, 33, 25, 13, 27]
(Iter. 2) BestSol = Solution: cost=[-276.79999999999995], size=[33], elements=[41, 32, 37, 17, 14, 9, 11, 36, 44, 45, 29, 39, 43, 18, 0, 40, 15, 23, 7, 35, 12, 24, 47, 21, 19, 6, 28, 49, 33, 25, 13, 27, 4]
(Iter. 4) BestSol = Solution: cost=[-281.96000000000004], size=[35], elements=[41, 32, 37, 17, 14, 9, 11, 36, 44, 45, 29, 39, 43, 18, 0, 40, 15, 23, 7, 35, 12, 24, 47, 21, 19, 6, 28, 49, 33, 25, 13, 27, 4, 42, 2]
(Iter. 5) BestSol = Solution: cost=[-332.6], size=[35], elements=[41, 32, 37, 17, 14, 9, 11, 36, 44, 45, 29, 39, 43, 18, 0, 40, 15, 23, 7, 35, 12, 24, 47, 21, 19, 6, 28, 49, 33, 25, 27, 4, 42, 2, 16]
(Iter. 6) BestSol = Solution: cost=[-417.2099999999999], size=[35], elements=[41, 37, 17, 14, 9, 11, 36, 44, 45, 29, 39, 43, 18, 0, 40, 15, 23, 7, 35, 12, 24, 47, 21, 19, 6, 28, 49, 33, 25, 27, 4, 42, 2, 16, 3]
(Iter. 7) BestSol = Solution: cost=[-434.94000000000005], size=[35], elements=[41, 37, 17, 14, 9, 11, 36, 44, 45, 29, 39, 43, 18, 0, 40, 15, 23, 7, 35, 12, 24, 47, 21, 19, 6, 28, 49, 33, 25, 27, 4, 2, 16, 3, 26]
(Iter. 8) BestSol = Solution: cost=[-443.43], size=[36], elements=[41, 37, 17, 14, 9, 11, 36, 44, 45, 29, 39, 43, 18, 0, 40, 15, 23, 7, 35, 12, 24, 47, 21, 19, 6, 28, 49, 33, 25, 27, 4, 2, 16, 3, 26, 48]
(Iter. 12) BestSol = Solution: cost=[-444.95], size=[35], elements=[41, 37, 17, 14, 9, 11, 36, 44, 45, 39, 43, 18, 0, 40, 15, 23, 7, 35, 12, 24, 47, 21, 19, 6, 28, 49, 33, 25, 27, 2, 16, 3, 26, 48, 29]
Best solution found: Solution: cost=[-444.95], size=[35], elements=[41, 37, 17, 14, 9, 11, 36, 44, 45, 39, 43, 18, 0, 40, 15, 23, 7, 35, 12, 24, 47, 21, 19, 6, 28, 49, 33, 25, 27, 2, 16, 3, 26, 48, 29]
Time (s): 1800.010
