(Iter. 0) BestSol = Solution: cost=[-1318.09], size=[57], elements=[87, 15, 13, 95, 98, 26, 51, 4, 68, 49, 71, 86, 60, 99, 14, 27, 24, 18, 19, 88, 40, 76, 29, 46, 79, 38, 37, 47, 85, 92, 17, 82, 80, 11, 31, 44, 77, 2, 64, 48, 45, 59, 54, 1, 16, 73, 8, 43, 50, 81, 83, 56, 57, 36, 0, 69, 6]
(Iter. 2) BestSol = Solution: cost=[-1325.0800000000006], size=[58], elements=[87, 15, 13, 95, 98, 26, 51, 4, 68, 49, 71, 86, 60, 99, 14, 27, 24, 18, 19, 88, 40, 76, 29, 46, 79, 38, 37, 47, 85, 92, 17, 82, 80, 11, 31, 44, 77, 2, 64, 48, 45, 59, 54, 1, 16, 73, 8, 43, 50, 81, 83, 56, 57, 36, 0, 69, 6, 84]
(Iter. 3) BestSol = Solution: cost=[-1336.5399999999995], size=[59], elements=[87, 15, 13, 95, 98, 26, 51, 4, 68, 49, 71, 86, 60, 99, 14, 27, 24, 18, 19, 88, 40, 76, 29, 46, 79, 38, 37, 47, 85, 92, 17, 82, 80, 11, 31, 44, 77, 2, 64, 48, 45, 59, 54, 1, 16, 73, 8, 43, 50, 81, 83, 56, 57, 36, 0, 69, 6, 84, 97]
(Iter. 4) BestSol = Solution: cost=[-1357.7400000000005], size=[59], elements=[87, 13, 95, 98, 26, 51, 4, 68, 49, 71, 86, 60, 99, 14, 27, 24, 18, 19, 88, 40, 76, 29, 46, 79, 38, 37, 47, 85, 92, 17, 82, 80, 11, 31, 44, 77, 2, 64, 48, 45, 59, 54, 1, 16, 73, 8, 43, 50, 81, 83, 56, 57, 36, 0, 69, 6, 84, 97, 91]
(Iter. 6) BestSol = Solution: cost=[-1390.9200000000005], size=[60], elements=[87, 95, 98, 26, 51, 4, 68, 49, 71, 86, 60, 99, 14, 27, 24, 18, 19, 88, 40, 76, 29, 46, 79, 38, 37, 47, 85, 92, 17, 82, 80, 11, 31, 44, 77, 2, 64, 48, 45, 59, 54, 1, 16, 73, 8, 43, 50, 81, 83, 56, 57, 36, 0, 69, 6, 84, 97, 91, 70, 34]
(Iter. 7) BestSol = Solution: cost=[-1423.37], size=[60], elements=[87, 95, 98, 26, 51, 4, 68, 49, 71, 86, 60, 99, 14, 27, 24, 18, 19, 88, 40, 76, 29, 46, 79, 38, 37, 47, 85, 92, 17, 82, 80, 11, 31, 44, 77, 2, 64, 48, 45, 59, 54, 1, 16, 73, 8, 43, 50, 81, 83, 57, 36, 0, 69, 6, 84, 97, 91, 70, 34, 96]
(Iter. 11) BestSol = Solution: cost=[-1463.3900000000003], size=[62], elements=[95, 98, 26, 51, 4, 68, 49, 71, 86, 60, 99, 14, 27, 24, 18, 19, 88, 40, 76, 29, 46, 79, 38, 37, 47, 85, 92, 17, 82, 80, 11, 31, 44, 77, 2, 64, 48, 45, 59, 54, 1, 16, 73, 8, 43, 50, 81, 83, 57, 36, 0, 69, 6, 84, 97, 91, 70, 34, 96, 72, 78, 9]
(Iter. 13) BestSol = Solution: cost=[-1468.0200000000004], size=[64], elements=[95, 98, 26, 51, 4, 68, 49, 71, 86, 60, 99, 14, 27, 24, 18, 19, 88, 40, 76, 29, 46, 79, 38, 37, 47, 85, 92, 17, 82, 80, 11, 31, 44, 77, 2, 64, 48, 45, 59, 54, 1, 16, 73, 8, 43, 50, 81, 83, 57, 36, 0, 69, 6, 84, 97, 91, 70, 34, 96, 72, 78, 9, 25, 55]
(Iter. 603) BestSol = Solution: cost=[-1469.9400000000007], size=[66], elements=[26, 51, 4, 49, 86, 14, 18, 19, 76, 37, 47, 92, 11, 64, 45, 59, 54, 16, 84, 91, 34, 96, 78, 68, 80, 27, 97, 46, 60, 79, 8, 71, 73, 9, 57, 83, 29, 50, 85, 55, 99, 81, 36, 1, 2, 82, 88, 24, 66, 44, 31, 0, 6, 93, 38, 69, 48, 25, 56, 17, 72, 70, 77, 43, 61, 42]
(Iter. 845) BestSol = Solution: cost=[-1475.0700000000004], size=[63], elements=[26, 51, 4, 49, 86, 14, 18, 19, 76, 37, 47, 92, 11, 64, 45, 59, 54, 84, 91, 34, 96, 27, 79, 29, 6, 60, 78, 16, 71, 8, 56, 1, 50, 95, 42, 43, 66, 81, 85, 2, 99, 82, 36, 38, 31, 40, 24, 88, 68, 77, 80, 46, 55, 83, 97, 17, 44, 0, 73, 48, 69, 9, 70]
(Iter. 846) BestSol = Solution: cost=[-1493.7200000000003], size=[63], elements=[26, 51, 4, 49, 86, 14, 18, 19, 76, 37, 47, 92, 11, 64, 45, 59, 54, 84, 91, 34, 96, 27, 79, 29, 6, 60, 78, 16, 71, 8, 1, 50, 95, 42, 43, 66, 81, 85, 2, 99, 82, 36, 38, 31, 40, 24, 88, 68, 77, 80, 46, 55, 83, 97, 17, 44, 0, 73, 48, 69, 9, 70, 57]
(Iter. 847) BestSol = Solution: cost=[-1498.8299999999997], size=[62], elements=[26, 51, 4, 49, 86, 14, 18, 19, 76, 37, 47, 92, 11, 64, 45, 59, 54, 84, 91, 34, 96, 27, 79, 29, 6, 60, 78, 16, 71, 8, 1, 50, 42, 43, 66, 81, 85, 2, 99, 82, 36, 38, 31, 40, 24, 88, 68, 77, 80, 46, 55, 83, 97, 17, 44, 0, 73, 48, 69, 9, 70, 57]
(Iter. 8088) BestSol = Solution: cost=[-1508.4599999999998], size=[62], elements=[26, 51, 4, 49, 86, 14, 18, 19, 47, 92, 11, 64, 45, 59, 54, 84, 91, 34, 96, 79, 76, 6, 68, 0, 80, 44, 8, 29, 16, 73, 1, 46, 27, 37, 81, 97, 31, 78, 40, 99, 12, 83, 70, 2, 77, 5, 69, 48, 95, 38, 24, 9, 71, 17, 72, 98, 33, 55, 60, 58, 93, 36]
(Iter. 8089) BestSol = Solution: cost=[-1510.7599999999995], size=[61], elements=[26, 51, 4, 49, 86, 14, 18, 19, 47, 92, 11, 64, 45, 59, 54, 84, 91, 34, 96, 79, 76, 6, 68, 0, 80, 44, 8, 29, 16, 73, 1, 46, 27, 37, 81, 97, 31, 78, 40, 99, 12, 83, 70, 2, 77, 5, 69, 48, 95, 38, 24, 9, 71, 17, 72, 98, 55, 60, 58, 93, 36]
(Iter. 8693) BestSol = Solution: cost=[-1513.22], size=[62], elements=[26, 51, 4, 49, 86, 14, 18, 19, 47, 92, 11, 64, 45, 59, 54, 84, 91, 34, 96, 79, 76, 16, 27, 97, 60, 46, 1, 31, 29, 44, 80, 81, 68, 48, 37, 77, 36, 99, 24, 78, 40, 2, 55, 70, 6, 42, 71, 38, 73, 8, 43, 0, 5, 83, 12, 93, 69, 9, 95, 94, 98, 50]
(Iter. 8694) BestSol = Solution: cost=[-1515.86], size=[61], elements=[26, 51, 4, 49, 86, 14, 18, 19, 47, 92, 11, 64, 45, 59, 54, 84, 91, 34, 96, 79, 76, 16, 27, 97, 60, 46, 1, 31, 29, 44, 80, 81, 68, 48, 37, 77, 36, 99, 24, 78, 40, 2, 55, 6, 42, 71, 38, 73, 8, 43, 0, 5, 83, 12, 93, 69, 9, 95, 94, 98, 50]
(Iter. 26033) BestSol = Solution: cost=[-1519.599999999999], size=[62], elements=[26, 51, 49, 86, 14, 92, 11, 45, 54, 84, 91, 96, 19, 47, 76, 34, 59, 4, 37, 24, 79, 80, 18, 64, 0, 44, 31, 6, 55, 27, 50, 38, 8, 2, 68, 97, 69, 60, 16, 29, 9, 81, 1, 83, 36, 5, 70, 48, 98, 72, 99, 77, 42, 93, 78, 73, 71, 43, 95, 46, 40, 12]
(Iter. 26034) BestSol = Solution: cost=[-1524.5399999999993], size=[61], elements=[26, 51, 49, 86, 14, 92, 11, 45, 54, 84, 91, 96, 19, 47, 76, 34, 59, 4, 37, 24, 79, 80, 18, 64, 0, 44, 31, 6, 55, 27, 50, 38, 8, 2, 68, 97, 69, 60, 16, 29, 9, 81, 1, 36, 5, 70, 48, 98, 72, 99, 77, 42, 93, 78, 73, 71, 43, 95, 46, 40, 12]
Best solution found: Solution: cost=[-1524.5399999999993], size=[61], elements=[26, 51, 49, 86, 14, 92, 11, 45, 54, 84, 91, 96, 19, 47, 76, 34, 59, 4, 37, 24, 79, 80, 18, 64, 0, 44, 31, 6, 55, 27, 50, 38, 8, 2, 68, 97, 69, 60, 16, 29, 9, 81, 1, 36, 5, 70, 48, 98, 72, 99, 77, 42, 93, 78, 73, 71, 43, 95, 46, 40, 12]
Time (s): 1800.021
