(Iter. 0) BestSol = Solution: cost=[-1915.1], size=[75], elements=[75, 35, 57, 81, 29, 22, 88, 80, 23, 63, 7, 4, 60, 31, 34, 71, 10, 91, 46, 53, 19, 12, 18, 96, 70, 62, 89, 28, 5, 16, 1, 49, 11, 3, 72, 56, 69, 52, 76, 30, 65, 13, 39, 0, 67, 45, 21, 83, 86, 15, 93, 79, 9, 38, 87, 42, 98, 54, 68, 95, 32, 99, 51, 33, 25, 61, 20, 48, 26, 36, 37, 14, 8, 58, 64]
(Iter. 4) BestSol = Solution: cost=[-1924.89], size=[75], elements=[75, 35, 57, 81, 29, 22, 88, 80, 23, 63, 7, 4, 31, 34, 71, 10, 91, 53, 19, 12, 18, 96, 70, 62, 89, 28, 5, 16, 1, 49, 11, 3, 72, 56, 69, 52, 76, 30, 65, 13, 39, 0, 67, 45, 21, 83, 86, 15, 93, 79, 9, 38, 87, 42, 98, 54, 68, 95, 32, 99, 51, 33, 25, 61, 20, 48, 26, 36, 37, 14, 8, 58, 64, 66, 2]
(Iter. 5) BestSol = Solution: cost=[-1926.810000000001], size=[74], elements=[75, 35, 57, 81, 29, 22, 88, 80, 23, 63, 7, 4, 31, 34, 71, 10, 53, 19, 12, 18, 96, 70, 62, 89, 28, 5, 16, 1, 49, 11, 3, 72, 56, 69, 52, 76, 30, 65, 13, 39, 0, 67, 45, 21, 83, 86, 15, 93, 79, 9, 38, 87, 42, 98, 54, 68, 95, 32, 99, 51, 33, 25, 61, 20, 48, 26, 36, 37, 14, 8, 58, 64, 66, 2]
(Iter. 6) BestSol = Solution: cost=[-1990.2500000000002], size=[74], elements=[75, 35, 57, 81, 29, 22, 88, 80, 23, 63, 7, 4, 31, 34, 71, 10, 53, 19, 12, 96, 70, 62, 89, 28, 5, 16, 1, 49, 11, 3, 72, 56, 69, 52, 76, 30, 65, 13, 39, 0, 67, 45, 21, 83, 86, 15, 93, 79, 9, 38, 87, 42, 98, 54, 68, 95, 32, 99, 51, 33, 25, 61, 20, 48, 26, 36, 37, 14, 8, 58, 64, 66, 2, 91]
(Iter. 7) BestSol = Solution: cost=[-1996.49], size=[73], elements=[75, 35, 57, 81, 29, 22, 88, 80, 23, 63, 7, 4, 31, 34, 71, 10, 53, 19, 12, 96, 70, 62, 89, 28, 5, 16, 1, 49, 11, 3, 72, 56, 52, 76, 30, 65, 13, 39, 0, 67, 45, 21, 83, 86, 15, 93, 79, 9, 38, 87, 42, 98, 54, 68, 95, 32, 99, 51, 33, 25, 61, 20, 48, 26, 36, 37, 14, 8, 58, 64, 66, 2, 91]
(Iter. 8) BestSol = Solution: cost=[-2016.8299999999997], size=[72], elements=[75, 35, 57, 81, 29, 22, 88, 80, 23, 63, 7, 4, 31, 34, 71, 10, 53, 19, 12, 96, 70, 62, 89, 28, 5, 16, 1, 49, 11, 3, 72, 56, 52, 76, 30, 65, 13, 39, 0, 67, 45, 21, 83, 86, 15, 93, 79, 9, 38, 87, 42, 98, 54, 68, 95, 32, 99, 51, 33, 25, 61, 20, 48, 26, 36, 37, 14, 8, 58, 64, 2, 91]
(Iter. 9) BestSol = Solution: cost=[-2025.3600000000004], size=[71], elements=[75, 35, 57, 81, 29, 22, 88, 80, 23, 63, 7, 4, 31, 34, 71, 10, 53, 19, 12, 96, 70, 62, 89, 28, 5, 16, 1, 49, 11, 3, 72, 56, 76, 30, 65, 13, 39, 0, 67, 45, 21, 83, 86, 15, 93, 79, 9, 38, 87, 42, 98, 54, 68, 95, 32, 99, 51, 33, 25, 61, 20, 48, 26, 36, 37, 14, 8, 58, 64, 2, 91]
(Iter. 102) BestSol = Solution: cost=[-2032.5099999999995], size=[73], elements=[57, 81, 22, 88, 23, 63, 7, 4, 31, 34, 10, 19, 12, 96, 70, 62, 89, 28, 1, 11, 3, 72, 56, 76, 30, 65, 13, 39, 0, 67, 45, 83, 86, 15, 93, 79, 9, 38, 87, 98, 54, 95, 32, 99, 51, 33, 25, 61, 48, 26, 36, 37, 75, 35, 29, 53, 20, 5, 16, 80, 68, 2, 78, 84, 64, 71, 58, 14, 94, 42, 49, 8, 21]
(Iter. 105) BestSol = Solution: cost=[-2038.7399999999996], size=[73], elements=[57, 81, 22, 88, 23, 63, 7, 4, 31, 34, 10, 19, 12, 96, 70, 62, 89, 28, 1, 11, 3, 72, 56, 76, 30, 65, 13, 39, 0, 67, 45, 83, 86, 15, 93, 79, 9, 38, 87, 98, 54, 95, 32, 99, 51, 33, 25, 61, 48, 26, 36, 37, 75, 35, 29, 53, 20, 5, 16, 80, 68, 2, 78, 64, 71, 58, 14, 94, 42, 49, 8, 21, 91]
(Iter. 5975) BestSol = Solution: cost=[-2039.2899999999997], size=[71], elements=[57, 23, 31, 34, 19, 62, 28, 11, 3, 56, 65, 13, 39, 45, 83, 15, 93, 38, 98, 25, 96, 51, 88, 86, 81, 54, 32, 75, 70, 7, 87, 22, 79, 99, 61, 72, 89, 30, 1, 68, 67, 95, 42, 48, 12, 10, 63, 16, 80, 8, 37, 26, 36, 4, 5, 9, 29, 33, 0, 14, 71, 84, 53, 21, 20, 35, 76, 58, 64, 2, 94]
(Iter. 5978) BestSol = Solution: cost=[-2039.6099999999992], size=[70], elements=[57, 23, 31, 34, 19, 62, 28, 11, 3, 56, 65, 13, 39, 45, 83, 15, 93, 38, 98, 25, 96, 51, 88, 86, 81, 54, 32, 75, 70, 7, 87, 22, 79, 99, 61, 72, 89, 30, 1, 68, 67, 95, 42, 48, 10, 63, 16, 80, 8, 37, 26, 4, 5, 9, 29, 33, 0, 14, 71, 84, 53, 21, 20, 35, 76, 58, 64, 2, 94, 82]
(Iter. 7700) BestSol = Solution: cost=[-2040.8900000000003], size=[71], elements=[57, 23, 31, 34, 19, 62, 28, 3, 65, 13, 39, 45, 83, 15, 93, 38, 98, 25, 51, 88, 86, 81, 54, 99, 26, 56, 67, 96, 7, 11, 87, 61, 72, 48, 75, 30, 95, 71, 1, 42, 70, 4, 76, 33, 0, 89, 68, 32, 8, 36, 14, 12, 63, 16, 35, 29, 10, 22, 80, 9, 5, 58, 79, 84, 49, 74, 21, 53, 64, 66, 37]
(Iter. 11115) BestSol = Solution: cost=[-2043.32], size=[68], elements=[57, 23, 31, 34, 19, 62, 28, 3, 65, 13, 39, 45, 83, 15, 93, 38, 98, 25, 88, 86, 81, 7, 11, 87, 32, 51, 96, 56, 72, 99, 70, 75, 4, 1, 67, 79, 5, 35, 37, 95, 63, 33, 26, 54, 42, 8, 64, 61, 76, 30, 9, 29, 22, 68, 89, 12, 80, 16, 0, 48, 10, 71, 53, 84, 14, 69, 66, 21]
(Iter. 23656) BestSol = Solution: cost=[-2046.41], size=[69], elements=[57, 23, 31, 19, 62, 28, 3, 65, 13, 39, 45, 83, 15, 93, 38, 98, 25, 88, 86, 11, 32, 56, 34, 96, 87, 22, 81, 7, 26, 1, 79, 54, 67, 51, 37, 99, 72, 70, 75, 89, 30, 95, 63, 4, 29, 9, 61, 33, 80, 16, 0, 42, 10, 14, 5, 35, 76, 53, 68, 64, 48, 84, 21, 71, 58, 74, 36, 8, 12]
(Iter. 23657) BestSol = Solution: cost=[-2050.6699999999996], size=[68], elements=[57, 23, 31, 19, 62, 28, 3, 65, 13, 39, 45, 83, 15, 93, 38, 98, 25, 88, 86, 11, 32, 56, 34, 96, 87, 22, 81, 7, 26, 1, 79, 54, 67, 51, 37, 99, 72, 70, 75, 89, 30, 95, 63, 4, 29, 9, 61, 33, 80, 16, 0, 42, 10, 14, 5, 35, 76, 53, 68, 64, 48, 84, 21, 71, 58, 36, 8, 12]
(Iter. 26589) BestSol = Solution: cost=[-2053.89], size=[69], elements=[57, 23, 31, 19, 62, 28, 3, 65, 13, 39, 45, 93, 38, 98, 25, 88, 86, 11, 56, 34, 96, 87, 22, 81, 7, 15, 54, 70, 61, 75, 72, 1, 99, 79, 95, 83, 32, 26, 37, 51, 42, 89, 63, 35, 33, 76, 0, 12, 67, 68, 4, 48, 30, 29, 10, 71, 53, 16, 5, 9, 80, 36, 49, 14, 8, 94, 58, 64, 21]
(Iter. 26591) BestSol = Solution: cost=[-2059.7200000000003], size=[67], elements=[57, 23, 31, 19, 62, 28, 3, 65, 13, 39, 45, 93, 38, 98, 25, 88, 86, 11, 56, 34, 96, 87, 22, 81, 7, 15, 54, 70, 61, 75, 72, 1, 99, 79, 95, 83, 32, 26, 37, 51, 42, 89, 63, 35, 33, 76, 0, 67, 68, 4, 48, 30, 29, 10, 71, 53, 16, 5, 9, 80, 36, 14, 8, 94, 58, 64, 21]
(Iter. 172414) BestSol = Solution: cost=[-2062.9], size=[67], elements=[23, 19, 28, 3, 65, 13, 38, 25, 98, 45, 88, 15, 83, 62, 57, 93, 31, 87, 86, 81, 96, 11, 32, 34, 56, 22, 70, 51, 72, 1, 39, 99, 61, 89, 4, 54, 35, 71, 76, 95, 30, 79, 67, 63, 75, 9, 0, 48, 37, 53, 16, 10, 33, 7, 80, 29, 5, 68, 20, 26, 42, 64, 14, 8, 21, 94, 58]
Best solution found: Solution: cost=[-2062.9], size=[67], elements=[23, 19, 28, 3, 65, 13, 38, 25, 98, 45, 88, 15, 83, 62, 57, 93, 31, 87, 86, 81, 96, 11, 32, 34, 56, 22, 70, 51, 72, 1, 39, 99, 61, 89, 4, 54, 35, 71, 76, 95, 30, 79, 67, 63, 75, 9, 0, 48, 37, 53, 16, 10, 33, 7, 80, 29, 5, 68, 20, 26, 42, 64, 14, 8, 21, 94, 58]
Time (s): 1800.030
