(Iter. 0) BestSol = Solution: cost=[-1274.4799999999996], size=[74], elements=[74, 28, 18, 54, 63, 81, 99, 35, 87, 14, 41, 62, 70, 26, 57, 66, 22, 55, 67, 25, 59, 32, 6, 7, 12, 94, 72, 10, 95, 24, 13, 83, 88, 79, 3, 20, 92, 76, 27, 90, 37, 5, 42, 98, 23, 16, 93, 45, 84, 68, 75, 51, 61, 50, 36, 2, 73, 91, 86, 38, 64, 9, 58, 43, 31, 71, 82, 69, 97, 39, 47, 48, 11, 77]
(Iter. 1) BestSol = Solution: cost=[-1283.0900000000001], size=[73], elements=[74, 28, 18, 54, 63, 81, 99, 35, 87, 14, 41, 62, 70, 57, 66, 22, 55, 67, 25, 59, 32, 6, 7, 12, 94, 72, 10, 95, 24, 13, 83, 88, 79, 3, 20, 92, 76, 27, 90, 37, 5, 42, 98, 23, 16, 93, 45, 84, 68, 75, 51, 61, 50, 36, 2, 73, 91, 86, 38, 64, 9, 58, 43, 31, 71, 82, 69, 97, 39, 47, 48, 11, 77]
(Iter. 4) BestSol = Solution: cost=[-1289.6199999999994], size=[73], elements=[74, 28, 18, 54, 63, 81, 99, 35, 87, 14, 62, 70, 57, 66, 22, 55, 67, 25, 59, 32, 6, 7, 12, 94, 72, 10, 95, 24, 13, 83, 88, 79, 3, 20, 92, 76, 27, 90, 37, 5, 42, 98, 23, 16, 93, 45, 84, 75, 51, 61, 50, 36, 2, 73, 91, 86, 38, 64, 9, 58, 43, 31, 71, 82, 69, 97, 39, 47, 48, 11, 77, 44, 19]
(Iter. 5) BestSol = Solution: cost=[-1338.0499999999997], size=[73], elements=[74, 28, 18, 54, 63, 81, 99, 35, 87, 14, 62, 70, 57, 66, 22, 55, 67, 25, 59, 32, 6, 7, 12, 94, 72, 10, 95, 24, 13, 83, 88, 79, 3, 20, 92, 76, 27, 90, 37, 5, 42, 98, 23, 16, 93, 45, 84, 75, 51, 61, 50, 36, 2, 73, 91, 86, 38, 64, 9, 58, 43, 31, 71, 82, 69, 97, 39, 47, 48, 11, 77, 19, 4]
(Iter. 6) BestSol = Solution: cost=[-1354.3299999999997], size=[72], elements=[74, 28, 18, 54, 63, 81, 99, 35, 87, 14, 62, 70, 57, 66, 22, 55, 67, 25, 59, 32, 6, 7, 12, 94, 72, 95, 24, 13, 83, 88, 79, 3, 20, 92, 76, 27, 90, 37, 5, 42, 98, 23, 16, 93, 45, 84, 75, 51, 61, 50, 36, 2, 73, 91, 86, 38, 64, 9, 58, 43, 31, 71, 82, 69, 97, 39, 47, 48, 11, 77, 19, 4]
(Iter. 10) BestSol = Solution: cost=[-1363.5000000000002], size=[72], elements=[74, 28, 54, 63, 81, 99, 35, 87, 14, 62, 70, 57, 66, 22, 55, 67, 25, 59, 32, 6, 7, 12, 94, 72, 95, 24, 13, 83, 88, 79, 3, 20, 92, 76, 27, 90, 37, 5, 42, 98, 23, 16, 45, 84, 75, 51, 61, 50, 36, 2, 73, 91, 86, 38, 64, 9, 58, 43, 31, 71, 82, 69, 97, 39, 47, 48, 11, 77, 19, 4, 17, 96]
(Iter. 14) BestSol = Solution: cost=[-1410.5700000000006], size=[71], elements=[74, 28, 54, 81, 99, 35, 87, 14, 62, 70, 57, 66, 22, 55, 67, 25, 59, 32, 6, 7, 12, 94, 72, 95, 24, 13, 83, 88, 79, 3, 20, 92, 76, 27, 90, 37, 5, 42, 98, 23, 16, 45, 84, 75, 61, 50, 36, 2, 73, 91, 86, 38, 64, 9, 58, 43, 31, 82, 69, 97, 39, 47, 48, 11, 77, 19, 4, 17, 96, 29, 85]
(Iter. 16) BestSol = Solution: cost=[-1435.2800000000004], size=[71], elements=[74, 28, 54, 81, 99, 35, 87, 14, 62, 70, 57, 66, 22, 55, 67, 25, 59, 32, 6, 7, 12, 94, 72, 95, 24, 13, 83, 88, 79, 3, 20, 92, 76, 27, 90, 37, 5, 42, 98, 23, 16, 45, 84, 75, 61, 50, 36, 2, 73, 91, 86, 38, 64, 9, 58, 43, 31, 82, 69, 97, 39, 47, 48, 11, 77, 19, 4, 17, 29, 85, 65]
(Iter. 17) BestSol = Solution: cost=[-1436.02], size=[72], elements=[74, 28, 54, 81, 99, 35, 87, 14, 62, 70, 57, 66, 22, 55, 67, 25, 59, 32, 6, 7, 12, 94, 72, 95, 24, 13, 83, 88, 79, 3, 20, 92, 76, 27, 90, 37, 5, 42, 98, 23, 16, 45, 84, 75, 61, 50, 36, 2, 73, 91, 86, 38, 64, 9, 58, 43, 31, 82, 69, 97, 39, 47, 48, 11, 77, 19, 4, 17, 29, 85, 65, 51]
(Iter. 18) BestSol = Solution: cost=[-1474.89], size=[71], elements=[74, 28, 54, 81, 99, 35, 87, 14, 62, 70, 57, 66, 22, 55, 67, 25, 59, 32, 6, 7, 12, 94, 72, 95, 24, 13, 83, 88, 79, 3, 20, 92, 76, 27, 90, 37, 5, 42, 98, 23, 16, 45, 84, 75, 61, 50, 36, 2, 73, 91, 86, 38, 64, 9, 58, 43, 31, 82, 69, 97, 39, 47, 48, 11, 77, 19, 4, 17, 85, 65, 51]
(Iter. 27) BestSol = Solution: cost=[-1481.9499999999987], size=[72], elements=[74, 28, 54, 99, 35, 87, 14, 62, 70, 57, 66, 22, 55, 67, 25, 59, 32, 6, 7, 12, 94, 72, 95, 24, 13, 83, 88, 79, 3, 20, 92, 76, 27, 90, 37, 5, 42, 98, 23, 16, 45, 84, 61, 50, 36, 2, 91, 86, 38, 64, 9, 58, 43, 31, 82, 69, 97, 39, 48, 11, 77, 19, 4, 17, 85, 65, 51, 60, 78, 68, 93, 81]
(Iter. 284) BestSol = Solution: cost=[-1489.4499999999996], size=[69], elements=[35, 14, 66, 22, 55, 67, 59, 32, 12, 72, 95, 24, 13, 83, 79, 76, 5, 42, 98, 23, 16, 45, 84, 61, 50, 36, 64, 58, 69, 39, 48, 11, 4, 78, 81, 57, 9, 91, 20, 7, 87, 97, 2, 88, 27, 19, 90, 94, 3, 31, 25, 62, 17, 77, 85, 37, 43, 6, 0, 74, 86, 99, 51, 38, 65, 82, 40, 73, 54]
(Iter. 285) BestSol = Solution: cost=[-1517.0900000000004], size=[69], elements=[35, 14, 66, 22, 55, 67, 59, 32, 12, 72, 95, 24, 13, 83, 79, 76, 5, 42, 98, 23, 16, 45, 84, 61, 50, 36, 64, 58, 69, 39, 48, 11, 4, 78, 81, 57, 9, 91, 20, 7, 87, 97, 2, 88, 27, 19, 90, 94, 3, 31, 25, 62, 17, 77, 85, 37, 43, 6, 0, 74, 86, 99, 51, 38, 65, 82, 73, 54, 93]
(Iter. 286) BestSol = Solution: cost=[-1532.0500000000006], size=[68], elements=[35, 14, 66, 22, 55, 67, 59, 32, 12, 72, 95, 24, 13, 83, 79, 76, 5, 42, 98, 23, 16, 45, 84, 61, 50, 36, 64, 58, 69, 39, 48, 11, 4, 78, 81, 57, 9, 91, 20, 7, 87, 97, 2, 88, 27, 19, 90, 94, 3, 31, 25, 62, 17, 77, 85, 37, 43, 6, 0, 74, 86, 99, 51, 38, 82, 73, 54, 93]
(Iter. 287) BestSol = Solution: cost=[-1544.1100000000004], size=[68], elements=[35, 14, 66, 22, 55, 67, 59, 32, 12, 72, 95, 24, 13, 83, 79, 76, 5, 42, 98, 23, 16, 45, 84, 61, 50, 36, 64, 58, 69, 39, 48, 11, 4, 78, 81, 57, 9, 91, 20, 7, 87, 97, 2, 88, 27, 19, 90, 94, 3, 31, 25, 62, 17, 77, 85, 37, 43, 6, 0, 74, 86, 99, 51, 38, 82, 54, 93, 96]
(Iter. 16536) BestSol = Solution: cost=[-1544.2], size=[69], elements=[14, 66, 22, 59, 12, 95, 13, 79, 16, 61, 50, 69, 39, 11, 24, 67, 45, 64, 76, 5, 87, 72, 83, 4, 84, 42, 2, 94, 74, 36, 98, 35, 32, 43, 90, 55, 91, 88, 78, 85, 37, 25, 58, 86, 27, 97, 31, 0, 48, 17, 23, 20, 81, 9, 93, 7, 51, 54, 99, 57, 6, 41, 62, 82, 96, 40, 3, 10, 77]
(Iter. 17556) BestSol = Solution: cost=[-1544.25], size=[69], elements=[14, 66, 22, 59, 12, 95, 13, 79, 16, 61, 50, 69, 39, 11, 67, 45, 64, 76, 5, 87, 72, 84, 42, 55, 23, 90, 58, 74, 91, 24, 94, 2, 86, 35, 62, 83, 17, 6, 78, 27, 97, 57, 36, 0, 9, 4, 98, 43, 20, 99, 31, 32, 81, 88, 25, 77, 48, 54, 93, 7, 70, 51, 82, 10, 96, 41, 3, 85, 37]
(Iter. 24153) BestSol = Solution: cost=[-1547.98], size=[67], elements=[14, 66, 22, 59, 12, 95, 13, 79, 16, 61, 50, 69, 39, 11, 67, 76, 24, 84, 5, 35, 64, 91, 32, 43, 45, 72, 36, 42, 78, 25, 83, 87, 55, 98, 81, 57, 88, 54, 51, 74, 85, 90, 94, 17, 23, 7, 9, 31, 58, 93, 37, 27, 0, 99, 41, 82, 20, 2, 62, 70, 6, 4, 97, 48, 86, 96, 77]
(Iter. 42501) BestSol = Solution: cost=[-1552.0500000000006], size=[66], elements=[14, 66, 22, 59, 12, 95, 13, 79, 16, 61, 50, 69, 39, 11, 67, 24, 5, 64, 45, 72, 76, 84, 55, 87, 32, 35, 42, 2, 78, 91, 58, 97, 83, 27, 4, 0, 37, 9, 51, 86, 99, 36, 74, 90, 31, 94, 54, 6, 82, 98, 77, 93, 43, 7, 85, 17, 19, 20, 48, 57, 81, 25, 88, 23, 3, 1]
(Iter. 168808) BestSol = Solution: cost=[-1553.1800000000003], size=[68], elements=[14, 66, 22, 59, 12, 79, 16, 50, 69, 39, 11, 95, 61, 13, 67, 5, 55, 24, 87, 76, 72, 45, 43, 35, 84, 78, 74, 23, 86, 2, 57, 81, 94, 25, 48, 17, 97, 32, 83, 31, 7, 64, 85, 90, 88, 77, 54, 41, 93, 98, 99, 9, 6, 70, 82, 36, 42, 4, 58, 20, 91, 51, 37, 62, 0, 10, 27, 96]
Best solution found: Solution: cost=[-1553.1800000000003], size=[68], elements=[14, 66, 22, 59, 12, 79, 16, 50, 69, 39, 11, 95, 61, 13, 67, 5, 55, 24, 87, 76, 72, 45, 43, 35, 84, 78, 74, 23, 86, 2, 57, 81, 94, 25, 48, 17, 97, 32, 83, 31, 7, 64, 85, 90, 88, 77, 54, 41, 93, 98, 99, 9, 6, 70, 82, 36, 42, 4, 58, 20, 91, 51, 37, 62, 0, 10, 27, 96]
Time (s): 1800.014
