(Iter. 0) BestSol = Solution: cost=[-387.0400000000001], size=[26], elements=[41, 32, 37, 17, 14, 30, 9, 11, 36, 44, 45, 29, 39, 43, 18, 0, 40, 15, 23, 7, 35, 12, 24, 47, 21, 10]
(Iter. 1) BestSol = Solution: cost=[-405.75], size=[26], elements=[41, 32, 37, 17, 14, 9, 11, 36, 44, 45, 29, 39, 43, 18, 0, 40, 15, 23, 7, 35, 12, 24, 47, 21, 10, 31]
(Iter. 2) BestSol = Solution: cost=[-422.84000000000003], size=[26], elements=[41, 32, 37, 17, 14, 9, 11, 36, 44, 45, 29, 39, 43, 18, 0, 40, 15, 7, 35, 12, 24, 47, 21, 10, 31, 49]
(Iter. 243) BestSol = Solution: cost=[-424.17999999999995], size=[33], elements=[37, 14, 7, 21, 25, 18, 9, 0, 39, 15, 12, 24, 16, 26, 45, 49, 35, 29, 3, 47, 43, 36, 34, 23, 17, 31, 11, 27, 6, 4, 19, 33, 28]
(Iter. 244) BestSol = Solution: cost=[-440.22], size=[33], elements=[37, 14, 7, 21, 25, 18, 9, 0, 39, 15, 12, 24, 16, 26, 45, 49, 35, 29, 3, 47, 43, 36, 23, 17, 31, 11, 27, 6, 4, 19, 33, 28, 41]
(Iter. 5569) BestSol = Solution: cost=[-443.2], size=[35], elements=[7, 21, 14, 15, 37, 49, 18, 17, 9, 3, 35, 48, 47, 25, 16, 26, 23, 39, 33, 6, 44, 24, 45, 41, 36, 28, 40, 29, 27, 2, 19, 12, 4, 0, 11]
(Iter. 6534) BestSol = Solution: cost=[-443.43], size=[36], elements=[7, 21, 37, 14, 15, 9, 39, 17, 49, 47, 35, 25, 16, 0, 3, 19, 36, 6, 44, 24, 29, 43, 12, 41, 40, 18, 33, 26, 45, 4, 28, 27, 23, 48, 2, 11]
(Iter. 7053) BestSol = Solution: cost=[-444.95], size=[35], elements=[7, 21, 37, 15, 17, 35, 49, 9, 14, 25, 3, 0, 16, 26, 23, 47, 6, 27, 2, 33, 11, 19, 18, 39, 28, 41, 24, 44, 12, 45, 36, 40, 43, 48, 29]
Best solution found: Solution: cost=[-444.95], size=[35], elements=[7, 21, 37, 15, 17, 35, 49, 9, 14, 25, 3, 0, 16, 26, 23, 47, 6, 27, 2, 33, 11, 19, 18, 39, 28, 41, 24, 44, 12, 45, 36, 40, 43, 48, 29]
Time (s): 1800.008
