(Iter. 0) BestSol = Solution: cost=[-1233.6100000000004], size=[71], elements=[87, 15, 13, 95, 98, 26, 51, 4, 68, 49, 71, 86, 60, 99, 14, 27, 58, 24, 18, 19, 88, 40, 76, 29, 46, 79, 38, 37, 47, 85, 92, 17, 82, 80, 11, 31, 44, 77, 2, 64, 48, 45, 59, 54, 1, 16, 73, 8, 43, 50, 81, 83, 56, 57, 36, 0, 34, 78, 84, 97, 96, 6, 9, 5, 42, 41, 55, 70, 91, 93, 25]
(Iter. 40) BestSol = Solution: cost=[-1239.5800000000004], size=[63], elements=[98, 26, 51, 4, 68, 49, 71, 86, 14, 27, 24, 18, 19, 76, 29, 46, 79, 37, 47, 92, 80, 11, 31, 44, 77, 2, 64, 48, 45, 59, 54, 1, 16, 73, 8, 50, 81, 83, 56, 57, 36, 0, 34, 78, 84, 97, 96, 6, 9, 5, 42, 55, 70, 91, 93, 33, 7, 69, 94, 39, 20, 61, 13]
(Iter. 41) BestSol = Solution: cost=[-1306.5700000000006], size=[63], elements=[98, 26, 51, 4, 68, 49, 71, 86, 14, 27, 24, 18, 19, 76, 29, 46, 79, 37, 47, 92, 80, 11, 31, 44, 77, 2, 64, 48, 45, 59, 54, 1, 16, 73, 8, 50, 81, 83, 56, 57, 36, 0, 34, 78, 84, 97, 96, 6, 9, 5, 42, 55, 70, 91, 93, 33, 7, 69, 94, 20, 61, 13, 38]
(Iter. 42) BestSol = Solution: cost=[-1385.2900000000002], size=[63], elements=[98, 26, 51, 4, 68, 49, 71, 86, 14, 27, 24, 18, 19, 76, 29, 46, 79, 37, 47, 92, 80, 11, 31, 44, 77, 2, 64, 48, 45, 59, 54, 1, 16, 73, 8, 50, 81, 83, 56, 57, 36, 0, 34, 78, 84, 97, 96, 6, 9, 5, 42, 55, 70, 91, 93, 33, 7, 69, 94, 61, 13, 38, 60]
(Iter. 43) BestSol = Solution: cost=[-1415.03], size=[62], elements=[98, 26, 51, 4, 68, 49, 71, 86, 14, 27, 24, 18, 19, 76, 29, 46, 79, 37, 47, 92, 80, 11, 31, 44, 77, 2, 64, 48, 45, 59, 54, 1, 16, 73, 8, 50, 81, 83, 56, 57, 36, 0, 34, 78, 84, 97, 96, 6, 9, 5, 42, 55, 70, 91, 93, 33, 7, 69, 94, 61, 38, 60]
(Iter. 390) BestSol = Solution: cost=[-1416.4200000000005], size=[63], elements=[26, 51, 4, 49, 86, 14, 27, 18, 19, 76, 79, 37, 92, 11, 64, 45, 59, 54, 8, 0, 34, 84, 96, 6, 91, 50, 60, 38, 81, 12, 24, 78, 99, 80, 69, 47, 46, 1, 95, 73, 31, 71, 40, 48, 97, 68, 13, 43, 98, 72, 16, 36, 55, 5, 94, 9, 2, 77, 93, 53, 42, 44, 90]
(Iter. 391) BestSol = Solution: cost=[-1449.4400000000003], size=[62], elements=[26, 51, 4, 49, 86, 14, 27, 18, 19, 76, 79, 37, 92, 11, 64, 45, 59, 54, 8, 0, 34, 84, 96, 6, 91, 50, 60, 38, 81, 12, 24, 78, 99, 80, 69, 47, 46, 1, 95, 73, 31, 71, 40, 48, 97, 68, 13, 43, 98, 72, 16, 36, 55, 5, 94, 9, 2, 77, 93, 42, 44, 90]
(Iter. 3314) BestSol = Solution: cost=[-1449.9399999999996], size=[66], elements=[26, 51, 49, 86, 14, 18, 19, 76, 37, 92, 11, 64, 54, 34, 84, 96, 91, 45, 4, 47, 59, 80, 79, 68, 16, 6, 24, 81, 29, 27, 46, 9, 71, 1, 73, 8, 60, 50, 97, 48, 93, 55, 78, 70, 57, 98, 5, 38, 31, 17, 40, 36, 77, 99, 61, 72, 82, 88, 94, 85, 69, 0, 2, 44, 83, 12]
(Iter. 3315) BestSol = Solution: cost=[-1469.7399999999989], size=[65], elements=[26, 51, 49, 86, 14, 18, 19, 76, 37, 92, 11, 64, 54, 34, 84, 96, 91, 45, 4, 47, 59, 80, 79, 68, 16, 6, 24, 81, 29, 27, 46, 9, 71, 1, 73, 8, 60, 50, 97, 48, 93, 55, 78, 70, 57, 98, 5, 38, 31, 17, 40, 36, 77, 99, 61, 72, 82, 88, 85, 69, 0, 2, 44, 83, 12]
(Iter. 3316) BestSol = Solution: cost=[-1475.3399999999992], size=[64], elements=[26, 51, 49, 86, 14, 18, 19, 76, 37, 92, 11, 64, 54, 34, 84, 96, 91, 45, 4, 47, 59, 80, 79, 68, 16, 6, 24, 81, 29, 27, 46, 9, 71, 1, 73, 8, 60, 50, 97, 48, 93, 55, 78, 70, 57, 98, 5, 38, 31, 17, 40, 36, 77, 99, 61, 72, 82, 88, 85, 69, 0, 2, 44, 83]
(Iter. 3317) BestSol = Solution: cost=[-1479.7999999999988], size=[65], elements=[26, 51, 49, 86, 14, 18, 19, 76, 37, 92, 11, 64, 54, 34, 84, 96, 91, 45, 4, 47, 59, 80, 79, 68, 16, 6, 24, 81, 29, 27, 46, 9, 71, 1, 73, 8, 60, 50, 97, 48, 93, 55, 78, 70, 57, 98, 5, 38, 31, 17, 40, 36, 77, 99, 61, 72, 82, 88, 85, 69, 0, 2, 44, 83, 43]
(Iter. 3318) BestSol = Solution: cost=[-1488.929999999999], size=[65], elements=[26, 51, 49, 86, 14, 18, 19, 76, 37, 92, 11, 64, 54, 34, 84, 96, 91, 45, 4, 47, 59, 80, 79, 68, 16, 6, 24, 81, 29, 27, 46, 9, 71, 1, 73, 8, 60, 50, 97, 48, 93, 55, 78, 70, 98, 5, 38, 31, 17, 40, 36, 77, 99, 61, 72, 82, 88, 85, 69, 0, 2, 44, 83, 43, 42]
(Iter. 3319) BestSol = Solution: cost=[-1495.6399999999999], size=[64], elements=[26, 51, 49, 86, 14, 18, 19, 76, 37, 92, 11, 64, 54, 34, 84, 96, 91, 45, 4, 47, 59, 80, 79, 68, 16, 6, 24, 81, 29, 27, 46, 9, 71, 1, 73, 8, 60, 50, 97, 48, 93, 55, 78, 70, 98, 5, 38, 31, 17, 40, 36, 77, 99, 61, 72, 88, 85, 69, 0, 2, 44, 83, 43, 42]
(Iter. 65316) BestSol = Solution: cost=[-1508.9599999999998], size=[63], elements=[26, 51, 49, 14, 92, 11, 54, 84, 96, 91, 64, 19, 86, 34, 45, 18, 4, 59, 47, 76, 79, 37, 78, 80, 24, 1, 0, 97, 6, 60, 31, 99, 38, 95, 55, 9, 29, 68, 71, 40, 36, 43, 98, 73, 85, 5, 46, 83, 81, 12, 2, 50, 8, 27, 16, 48, 94, 42, 69, 44, 72, 93, 77]
(Iter. 65317) BestSol = Solution: cost=[-1511.05], size=[64], elements=[26, 51, 49, 14, 92, 11, 54, 84, 96, 91, 64, 19, 86, 34, 45, 18, 4, 59, 47, 76, 79, 37, 78, 80, 24, 1, 0, 97, 6, 60, 31, 99, 38, 95, 55, 9, 29, 68, 71, 40, 36, 43, 98, 73, 85, 5, 46, 83, 81, 12, 2, 50, 8, 27, 16, 48, 94, 42, 69, 44, 72, 93, 77, 70]
(Iter. 65318) BestSol = Solution: cost=[-1517.74], size=[63], elements=[26, 51, 49, 14, 92, 11, 54, 84, 96, 91, 64, 19, 86, 34, 45, 18, 4, 59, 47, 76, 79, 37, 78, 80, 24, 1, 0, 97, 6, 60, 31, 99, 38, 95, 55, 9, 29, 68, 71, 40, 36, 43, 98, 73, 85, 5, 46, 83, 81, 12, 2, 50, 8, 27, 16, 48, 42, 69, 44, 72, 93, 77, 70]
Best solution found: Solution: cost=[-1517.74], size=[63], elements=[26, 51, 49, 14, 92, 11, 54, 84, 96, 91, 64, 19, 86, 34, 45, 18, 4, 59, 47, 76, 79, 37, 78, 80, 24, 1, 0, 97, 6, 60, 31, 99, 38, 95, 55, 9, 29, 68, 71, 40, 36, 43, 98, 73, 85, 5, 46, 83, 81, 12, 2, 50, 8, 27, 16, 48, 42, 69, 44, 72, 93, 77, 70]
Time (s): 1800.024
