(Iter. 0) BestSol = Solution: cost=[-1449.6899999999994], size=[68], elements=[74, 28, 18, 54, 63, 81, 99, 35, 87, 14, 41, 62, 70, 26, 57, 66, 22, 55, 67, 25, 59, 32, 6, 7, 12, 94, 72, 10, 95, 24, 13, 83, 88, 79, 60, 3, 20, 92, 76, 27, 90, 37, 5, 42, 98, 23, 16, 93, 45, 84, 68, 75, 51, 61, 50, 36, 2, 73, 91, 86, 38, 64, 9, 58, 43, 31, 11, 4]
(Iter. 1) BestSol = Solution: cost=[-1474.0799999999997], size=[68], elements=[74, 28, 18, 54, 63, 81, 99, 35, 87, 14, 41, 62, 70, 26, 57, 66, 22, 55, 67, 25, 59, 32, 6, 7, 12, 94, 72, 95, 24, 13, 83, 88, 79, 60, 3, 20, 92, 76, 27, 90, 37, 5, 42, 98, 23, 16, 93, 45, 84, 68, 75, 51, 61, 50, 36, 2, 73, 91, 86, 38, 64, 9, 58, 43, 31, 11, 4, 33]
(Iter. 1551) BestSol = Solution: cost=[-1475.849999999999], size=[71], elements=[14, 66, 22, 59, 12, 95, 13, 79, 76, 5, 16, 45, 50, 11, 69, 39, 72, 67, 64, 55, 24, 61, 43, 87, 35, 42, 78, 23, 97, 91, 58, 84, 36, 54, 77, 3, 90, 4, 17, 94, 96, 28, 98, 2, 81, 31, 92, 40, 86, 74, 99, 6, 51, 9, 82, 33, 88, 48, 57, 41, 20, 25, 10, 85, 7, 32, 70, 37, 62, 93, 27]
(Iter. 1554) BestSol = Solution: cost=[-1490.2400000000002], size=[72], elements=[14, 66, 22, 59, 12, 95, 13, 79, 76, 5, 16, 45, 50, 11, 69, 39, 72, 67, 64, 55, 24, 61, 43, 87, 35, 42, 78, 23, 97, 91, 58, 84, 36, 54, 77, 3, 90, 4, 17, 94, 96, 28, 98, 2, 81, 31, 92, 40, 86, 74, 99, 6, 51, 9, 82, 33, 88, 48, 57, 41, 20, 25, 10, 85, 7, 32, 70, 37, 62, 93, 27, 83]
(Iter. 1556) BestSol = Solution: cost=[-1512.2400000000002], size=[70], elements=[14, 66, 22, 59, 12, 95, 13, 79, 76, 5, 16, 45, 50, 11, 69, 39, 72, 67, 64, 55, 24, 61, 43, 87, 35, 42, 78, 23, 97, 91, 58, 84, 36, 54, 77, 3, 90, 4, 17, 94, 96, 98, 2, 81, 31, 92, 86, 74, 99, 6, 51, 9, 82, 33, 88, 48, 57, 41, 20, 25, 10, 85, 7, 32, 70, 37, 62, 93, 27, 83]
(Iter. 86841) BestSol = Solution: cost=[-1514.6199999999994], size=[70], elements=[14, 66, 22, 12, 16, 50, 11, 69, 39, 59, 61, 79, 95, 13, 76, 67, 24, 5, 55, 43, 23, 45, 87, 74, 64, 35, 84, 2, 91, 27, 98, 54, 86, 51, 9, 42, 58, 97, 90, 31, 32, 48, 83, 25, 77, 7, 17, 85, 81, 72, 37, 28, 62, 6, 92, 82, 93, 78, 88, 10, 3, 41, 20, 57, 4, 36, 34, 99, 94, 96]
(Iter. 86842) BestSol = Solution: cost=[-1543.2499999999995], size=[69], elements=[14, 66, 22, 12, 16, 50, 11, 69, 39, 59, 61, 79, 95, 13, 76, 67, 24, 5, 55, 43, 23, 45, 87, 74, 64, 35, 84, 2, 91, 27, 98, 54, 86, 51, 9, 42, 58, 97, 90, 31, 32, 48, 83, 25, 77, 7, 17, 85, 81, 72, 37, 28, 62, 6, 92, 82, 93, 78, 88, 10, 3, 41, 20, 57, 4, 36, 99, 94, 96]
(Iter. 86843) BestSol = Solution: cost=[-1546.19], size=[70], elements=[14, 66, 22, 12, 16, 50, 11, 69, 39, 59, 61, 79, 95, 13, 76, 67, 24, 5, 55, 43, 23, 45, 87, 74, 64, 35, 84, 2, 91, 27, 98, 54, 86, 51, 9, 42, 58, 97, 90, 31, 32, 48, 83, 25, 77, 7, 17, 85, 81, 72, 37, 28, 62, 6, 92, 82, 93, 78, 88, 10, 3, 41, 20, 57, 4, 36, 99, 94, 96, 70]
(Iter. 86847) BestSol = Solution: cost=[-1548.37], size=[69], elements=[14, 66, 22, 12, 16, 50, 11, 69, 39, 59, 61, 79, 95, 13, 76, 67, 24, 5, 55, 43, 23, 45, 87, 74, 64, 35, 84, 2, 91, 27, 98, 54, 86, 51, 9, 42, 58, 97, 90, 31, 32, 48, 83, 25, 77, 7, 17, 85, 81, 72, 37, 62, 6, 82, 93, 78, 88, 3, 41, 20, 57, 4, 36, 99, 94, 96, 70, 0, 28]
Best solution found: Solution: cost=[-1548.37], size=[69], elements=[14, 66, 22, 12, 16, 50, 11, 69, 39, 59, 61, 79, 95, 13, 76, 67, 24, 5, 55, 43, 23, 45, 87, 74, 64, 35, 84, 2, 91, 27, 98, 54, 86, 51, 9, 42, 58, 97, 90, 31, 32, 48, 83, 25, 77, 7, 17, 85, 81, 72, 37, 62, 6, 82, 93, 78, 88, 3, 41, 20, 57, 4, 36, 99, 94, 96, 70, 0, 28]
Time (s): 1800.012
