(Iter. 0) BestSol = Solution: cost=[-1830.4800000000002], size=[76], elements=[75, 35, 57, 81, 29, 22, 88, 80, 23, 63, 24, 7, 4, 60, 31, 34, 71, 10, 91, 46, 53, 19, 12, 18, 96, 70, 62, 89, 28, 5, 16, 1, 49, 11, 3, 72, 56, 69, 52, 76, 30, 65, 13, 39, 0, 67, 45, 21, 83, 86, 15, 93, 79, 9, 38, 87, 42, 98, 54, 68, 95, 32, 99, 51, 33, 25, 61, 20, 48, 26, 36, 37, 14, 8, 77, 64]
(Iter. 4) BestSol = Solution: cost=[-1846.8400000000004], size=[76], elements=[75, 35, 57, 81, 29, 22, 88, 80, 23, 63, 7, 4, 60, 31, 34, 71, 10, 91, 46, 53, 19, 12, 18, 96, 70, 62, 89, 28, 5, 16, 1, 49, 11, 3, 72, 56, 69, 52, 76, 30, 65, 13, 39, 0, 67, 45, 21, 83, 86, 15, 93, 79, 9, 38, 87, 42, 98, 54, 68, 95, 32, 99, 51, 33, 25, 61, 20, 48, 26, 36, 37, 14, 8, 77, 64, 44]
(Iter. 5) BestSol = Solution: cost=[-1863.6199999999997], size=[75], elements=[75, 35, 57, 81, 29, 22, 88, 80, 23, 63, 7, 4, 60, 31, 34, 71, 10, 46, 53, 19, 12, 18, 96, 70, 62, 89, 28, 5, 16, 1, 49, 11, 3, 72, 56, 69, 52, 76, 30, 65, 13, 39, 0, 67, 45, 21, 83, 86, 15, 93, 79, 9, 38, 87, 42, 98, 54, 68, 95, 32, 99, 51, 33, 25, 61, 20, 48, 26, 36, 37, 14, 8, 77, 64, 44]
(Iter. 7) BestSol = Solution: cost=[-1900.3499999999997], size=[76], elements=[75, 35, 57, 81, 29, 22, 88, 80, 23, 63, 7, 4, 60, 31, 34, 71, 10, 46, 53, 19, 12, 96, 70, 62, 89, 28, 5, 16, 1, 49, 11, 3, 72, 56, 69, 52, 76, 30, 65, 13, 39, 0, 67, 45, 21, 83, 86, 15, 93, 79, 9, 38, 87, 42, 98, 54, 68, 95, 32, 99, 51, 33, 25, 61, 20, 48, 26, 36, 37, 14, 8, 77, 64, 44, 58, 94]
(Iter. 8) BestSol = Solution: cost=[-1935.1999999999987], size=[75], elements=[75, 35, 57, 81, 29, 22, 88, 80, 23, 63, 7, 4, 60, 31, 34, 71, 10, 46, 53, 19, 12, 96, 70, 62, 89, 28, 5, 16, 1, 49, 11, 3, 72, 56, 69, 52, 76, 30, 65, 13, 39, 0, 67, 45, 21, 83, 86, 15, 93, 79, 9, 38, 87, 42, 98, 54, 68, 95, 32, 99, 51, 33, 25, 61, 20, 48, 26, 36, 37, 14, 8, 64, 44, 58, 94]
(Iter. 9) BestSol = Solution: cost=[-1942.689999999999], size=[76], elements=[75, 35, 57, 81, 29, 22, 88, 80, 23, 63, 7, 4, 60, 31, 34, 71, 10, 46, 53, 19, 12, 96, 70, 62, 89, 28, 5, 16, 1, 49, 11, 3, 72, 56, 69, 52, 76, 30, 65, 13, 39, 0, 67, 45, 21, 83, 86, 15, 93, 79, 9, 38, 87, 42, 98, 54, 68, 95, 32, 99, 51, 33, 25, 61, 20, 48, 26, 36, 37, 14, 8, 64, 44, 58, 94, 2]
(Iter. 10) BestSol = Solution: cost=[-1971.9000000000005], size=[76], elements=[75, 35, 57, 81, 29, 22, 88, 80, 23, 63, 7, 4, 60, 31, 34, 71, 10, 46, 53, 19, 12, 96, 70, 62, 89, 28, 5, 16, 1, 49, 11, 3, 72, 56, 69, 52, 76, 30, 65, 13, 39, 0, 67, 45, 21, 83, 86, 15, 93, 79, 9, 38, 87, 42, 98, 54, 68, 95, 32, 99, 51, 33, 25, 61, 20, 48, 26, 36, 37, 14, 8, 64, 58, 94, 2, 91]
(Iter. 1861) BestSol = Solution: cost=[-1995.4799999999993], size=[70], elements=[57, 81, 88, 23, 31, 34, 19, 62, 28, 3, 65, 13, 83, 15, 93, 38, 98, 25, 51, 39, 99, 54, 22, 61, 56, 26, 96, 45, 86, 89, 70, 87, 75, 72, 67, 37, 7, 33, 10, 29, 35, 2, 0, 63, 1, 78, 9, 79, 11, 95, 71, 4, 12, 21, 91, 16, 20, 48, 94, 5, 58, 80, 53, 68, 76, 14, 64, 8, 32, 30]
(Iter. 1863) BestSol = Solution: cost=[-2018.1999999999996], size=[71], elements=[57, 81, 88, 23, 31, 34, 19, 62, 28, 3, 65, 13, 83, 15, 93, 38, 98, 25, 51, 39, 99, 54, 22, 61, 56, 26, 96, 45, 86, 89, 70, 87, 75, 72, 67, 37, 7, 33, 10, 29, 35, 2, 0, 63, 1, 78, 9, 79, 11, 95, 71, 4, 12, 21, 91, 16, 20, 48, 94, 5, 58, 80, 53, 68, 76, 14, 64, 8, 32, 30, 36]
(Iter. 1864) BestSol = Solution: cost=[-2026.39], size=[72], elements=[57, 81, 88, 23, 31, 34, 19, 62, 28, 3, 65, 13, 83, 15, 93, 38, 98, 25, 51, 39, 99, 54, 22, 61, 56, 26, 96, 45, 86, 89, 70, 87, 75, 72, 67, 37, 7, 33, 10, 29, 35, 2, 0, 63, 1, 78, 9, 79, 11, 95, 71, 4, 12, 21, 91, 16, 20, 48, 94, 5, 58, 80, 53, 68, 76, 14, 64, 8, 32, 30, 36, 49]
(Iter. 13533) BestSol = Solution: cost=[-2026.9099999999996], size=[74], elements=[23, 19, 28, 3, 65, 13, 93, 38, 98, 25, 45, 62, 15, 31, 83, 7, 51, 11, 57, 34, 81, 99, 96, 30, 1, 32, 87, 86, 79, 37, 88, 39, 61, 33, 42, 22, 26, 71, 56, 54, 48, 10, 9, 67, 4, 12, 94, 78, 20, 64, 2, 58, 53, 35, 76, 8, 14, 68, 49, 72, 16, 36, 21, 63, 89, 70, 95, 97, 0, 75, 80, 29, 5, 91]
(Iter. 31318) BestSol = Solution: cost=[-2029.4199999999996], size=[74], elements=[23, 28, 3, 65, 13, 38, 25, 62, 98, 15, 93, 57, 88, 34, 19, 31, 45, 54, 96, 86, 81, 22, 51, 79, 89, 39, 83, 11, 35, 2, 12, 32, 1, 67, 87, 30, 36, 95, 33, 48, 7, 61, 10, 56, 99, 72, 75, 63, 4, 68, 71, 26, 16, 5, 0, 80, 94, 53, 29, 20, 37, 58, 91, 76, 78, 42, 70, 8, 64, 84, 14, 9, 21, 49]
(Iter. 31319) BestSol = Solution: cost=[-2032.5099999999995], size=[73], elements=[23, 28, 3, 65, 13, 38, 25, 62, 98, 15, 93, 57, 88, 34, 19, 31, 45, 54, 96, 86, 81, 22, 51, 79, 89, 39, 83, 11, 35, 2, 12, 32, 1, 67, 87, 30, 36, 95, 33, 48, 7, 61, 10, 56, 99, 72, 75, 63, 4, 68, 71, 26, 16, 5, 0, 80, 94, 53, 29, 20, 37, 58, 76, 78, 42, 70, 8, 64, 84, 14, 9, 21, 49]
(Iter. 31320) BestSol = Solution: cost=[-2035.59], size=[72], elements=[23, 28, 3, 65, 13, 38, 25, 62, 98, 15, 93, 57, 88, 34, 19, 31, 45, 54, 96, 86, 81, 22, 51, 79, 89, 39, 83, 11, 35, 2, 12, 32, 1, 67, 87, 30, 36, 95, 33, 48, 7, 61, 10, 56, 99, 72, 75, 63, 4, 68, 71, 26, 16, 5, 0, 80, 94, 53, 29, 37, 58, 76, 78, 42, 70, 8, 64, 84, 14, 9, 21, 49]
(Iter. 31321) BestSol = Solution: cost=[-2049.2199999999993], size=[71], elements=[23, 28, 3, 65, 13, 38, 25, 62, 98, 15, 93, 57, 88, 34, 19, 31, 45, 54, 96, 86, 81, 22, 51, 79, 89, 39, 83, 11, 35, 2, 12, 32, 1, 67, 87, 30, 36, 95, 33, 48, 7, 61, 10, 56, 99, 72, 75, 63, 4, 68, 71, 26, 16, 5, 0, 80, 94, 53, 29, 37, 58, 76, 42, 70, 8, 64, 84, 14, 9, 21, 49]
(Iter. 47757) BestSol = Solution: cost=[-2051.1300000000006], size=[69], elements=[23, 28, 3, 65, 13, 38, 25, 62, 45, 93, 98, 15, 31, 19, 51, 37, 96, 34, 86, 7, 81, 57, 39, 83, 11, 54, 88, 1, 87, 79, 36, 30, 22, 32, 63, 42, 16, 26, 8, 14, 35, 89, 95, 67, 10, 80, 70, 99, 29, 5, 75, 68, 64, 53, 76, 2, 33, 4, 0, 48, 56, 61, 21, 72, 9, 71, 58, 94, 20]
Best solution found: Solution: cost=[-2051.1300000000006], size=[69], elements=[23, 28, 3, 65, 13, 38, 25, 62, 45, 93, 98, 15, 31, 19, 51, 37, 96, 34, 86, 7, 81, 57, 39, 83, 11, 54, 88, 1, 87, 79, 36, 30, 22, 32, 63, 42, 16, 26, 8, 14, 35, 89, 95, 67, 10, 80, 70, 99, 29, 5, 75, 68, 64, 53, 76, 2, 33, 4, 0, 48, 56, 61, 21, 72, 9, 71, 58, 94, 20]
Time (s): 1800.024
