(Iter. 0) BestSol = Solution: cost=[-170.04], size=[31], elements=[41, 32, 37, 17, 14, 30, 9, 20, 11, 36, 44, 45, 29, 39, 43, 18, 0, 40, 15, 23, 7, 35, 12, 24, 47, 21, 13, 1, 6, 38, 4]
(Iter. 2) BestSol = Solution: cost=[-177.57], size=[31], elements=[41, 32, 37, 17, 14, 9, 20, 11, 36, 44, 45, 29, 39, 43, 18, 0, 40, 15, 23, 7, 35, 12, 24, 47, 21, 13, 1, 6, 38, 4, 46]
(Iter. 3) BestSol = Solution: cost=[-233.70000000000005], size=[31], elements=[41, 32, 37, 17, 14, 9, 20, 11, 36, 44, 45, 29, 39, 43, 18, 0, 40, 15, 23, 7, 35, 12, 24, 47, 21, 13, 1, 6, 4, 46, 19]
(Iter. 4) BestSol = Solution: cost=[-239.21000000000004], size=[32], elements=[41, 32, 37, 17, 14, 9, 20, 11, 36, 44, 45, 29, 39, 43, 18, 0, 40, 15, 23, 7, 35, 12, 24, 47, 21, 13, 1, 6, 4, 46, 19, 33]
(Iter. 12) BestSol = Solution: cost=[-258.5300000000001], size=[38], elements=[41, 32, 37, 17, 14, 9, 20, 11, 36, 44, 45, 29, 39, 43, 18, 0, 40, 15, 23, 7, 35, 12, 24, 47, 21, 1, 6, 4, 46, 19, 33, 49, 26, 10, 3, 48, 25, 28]
(Iter. 16) BestSol = Solution: cost=[-267.15], size=[41], elements=[41, 37, 17, 14, 9, 20, 11, 36, 44, 45, 29, 39, 43, 18, 0, 40, 15, 23, 7, 35, 12, 24, 47, 21, 1, 6, 4, 46, 19, 33, 49, 26, 10, 3, 48, 25, 28, 16, 34, 8, 27]
(Iter. 18) BestSol = Solution: cost=[-281.45000000000005], size=[41], elements=[41, 37, 17, 14, 9, 11, 36, 44, 45, 29, 39, 43, 18, 0, 40, 15, 23, 7, 35, 12, 24, 47, 21, 1, 6, 4, 46, 19, 33, 49, 26, 10, 3, 48, 25, 28, 16, 34, 8, 27, 31]
(Iter. 20) BestSol = Solution: cost=[-308.8400000000001], size=[41], elements=[41, 37, 17, 14, 9, 11, 36, 44, 45, 29, 39, 43, 18, 0, 40, 15, 23, 7, 35, 12, 24, 47, 21, 1, 6, 4, 46, 19, 33, 49, 26, 3, 48, 25, 28, 16, 34, 8, 27, 31, 42]
(Iter. 21) BestSol = Solution: cost=[-313.68], size=[40], elements=[41, 37, 17, 14, 9, 11, 44, 45, 29, 39, 43, 18, 0, 40, 15, 23, 7, 35, 12, 24, 47, 21, 1, 6, 4, 46, 19, 33, 49, 26, 3, 48, 25, 28, 16, 34, 8, 27, 31, 42]
(Iter. 22) BestSol = Solution: cost=[-355.50999999999993], size=[39], elements=[41, 37, 17, 14, 9, 11, 44, 45, 29, 39, 43, 18, 0, 40, 15, 23, 7, 35, 12, 24, 47, 21, 6, 4, 46, 19, 33, 49, 26, 3, 48, 25, 28, 16, 34, 8, 27, 31, 42]
(Iter. 23) BestSol = Solution: cost=[-379.91], size=[38], elements=[41, 37, 17, 14, 9, 11, 44, 45, 29, 39, 43, 18, 0, 40, 15, 23, 7, 35, 12, 24, 47, 21, 6, 4, 19, 33, 49, 26, 3, 48, 25, 28, 16, 34, 8, 27, 31, 42]
(Iter. 27) BestSol = Solution: cost=[-403.2799999999999], size=[38], elements=[41, 37, 17, 14, 9, 11, 44, 45, 29, 39, 18, 0, 40, 15, 23, 7, 35, 12, 24, 47, 21, 6, 4, 19, 33, 49, 26, 3, 48, 25, 28, 16, 34, 8, 27, 31, 42, 2]
(Iter. 28) BestSol = Solution: cost=[-409.24000000000007], size=[39], elements=[41, 37, 17, 14, 9, 11, 44, 45, 29, 39, 18, 0, 40, 15, 23, 7, 35, 12, 24, 47, 21, 6, 4, 19, 33, 49, 26, 3, 48, 25, 28, 16, 34, 8, 27, 31, 42, 2, 36]
(Iter. 30) BestSol = Solution: cost=[-413.34999999999997], size=[37], elements=[41, 37, 17, 14, 9, 11, 45, 29, 39, 18, 0, 15, 23, 7, 35, 12, 24, 47, 21, 6, 4, 19, 33, 49, 26, 3, 48, 25, 28, 16, 34, 8, 27, 31, 42, 2, 36]
(Iter. 31) BestSol = Solution: cost=[-422.56000000000006], size=[36], elements=[41, 37, 17, 14, 9, 11, 45, 29, 39, 18, 0, 15, 23, 7, 35, 12, 24, 47, 21, 6, 4, 19, 33, 49, 26, 3, 25, 28, 16, 34, 8, 27, 31, 42, 2, 36]
(Iter. 1572) BestSol = Solution: cost=[-425.66], size=[34], elements=[7, 21, 14, 9, 17, 37, 18, 23, 41, 28, 24, 40, 39, 15, 2, 25, 47, 19, 12, 49, 26, 33, 35, 0, 42, 16, 3, 44, 27, 48, 6, 11, 36, 4]
(Iter. 1573) BestSol = Solution: cost=[-429.60999999999996], size=[35], elements=[7, 21, 14, 9, 17, 37, 18, 23, 41, 28, 24, 40, 39, 15, 2, 25, 47, 19, 12, 49, 26, 33, 35, 0, 42, 16, 3, 44, 27, 48, 6, 11, 36, 4, 45]
(Iter. 1574) BestSol = Solution: cost=[-436.9300000000001], size=[34], elements=[7, 21, 14, 9, 17, 37, 18, 23, 41, 28, 24, 40, 39, 15, 2, 25, 47, 19, 12, 49, 26, 33, 35, 0, 16, 3, 44, 27, 48, 6, 11, 36, 4, 45]
(Iter. 37987) BestSol = Solution: cost=[-437.04], size=[34], elements=[7, 21, 37, 14, 41, 12, 15, 17, 18, 6, 39, 11, 23, 45, 25, 29, 24, 26, 40, 9, 28, 43, 19, 16, 47, 27, 3, 36, 33, 48, 2, 0, 49, 35]
(Iter. 82014) BestSol = Solution: cost=[-441.05], size=[34], elements=[7, 21, 37, 41, 39, 12, 9, 17, 14, 26, 18, 23, 11, 4, 6, 45, 2, 24, 44, 16, 49, 33, 15, 47, 19, 35, 48, 3, 0, 27, 28, 25, 36, 29]
(Iter. 82016) BestSol = Solution: cost=[-443.2], size=[35], elements=[7, 21, 37, 41, 39, 12, 9, 17, 14, 26, 18, 23, 11, 4, 6, 45, 2, 24, 44, 16, 49, 33, 15, 47, 19, 35, 48, 3, 0, 27, 28, 25, 36, 29, 40]
(Iter. 82017) BestSol = Solution: cost=[-443.43], size=[36], elements=[7, 21, 37, 41, 39, 12, 9, 17, 14, 26, 18, 23, 11, 4, 6, 45, 2, 24, 44, 16, 49, 33, 15, 47, 19, 35, 48, 3, 0, 27, 28, 25, 36, 29, 40, 43]
(Iter. 82018) BestSol = Solution: cost=[-444.95], size=[35], elements=[7, 21, 37, 41, 39, 12, 9, 17, 14, 26, 18, 23, 11, 6, 45, 2, 24, 44, 16, 49, 33, 15, 47, 19, 35, 48, 3, 0, 27, 28, 25, 36, 29, 40, 43]
Best solution found: Solution: cost=[-444.95], size=[35], elements=[7, 21, 37, 41, 39, 12, 9, 17, 14, 26, 18, 23, 11, 6, 45, 2, 24, 44, 16, 49, 33, 15, 47, 19, 35, 48, 3, 0, 27, 28, 25, 36, 29, 40, 43]
Time (s): 1800.013
