(Iter. 0) BestSol = Solution: cost=[-1326.21], size=[57], elements=[15, 13, 95, 98, 26, 51, 4, 68, 49, 71, 86, 60, 99, 14, 27, 58, 24, 18, 19, 88, 40, 76, 29, 46, 79, 38, 37, 47, 85, 92, 17, 82, 80, 11, 31, 44, 77, 2, 64, 48, 45, 59, 54, 1, 16, 73, 8, 43, 50, 81, 83, 56, 57, 36, 0, 78, 84]
(Iter. 6) BestSol = Solution: cost=[-1330.52], size=[60], elements=[15, 13, 95, 98, 26, 51, 4, 68, 49, 71, 86, 60, 99, 14, 27, 24, 18, 19, 88, 40, 76, 29, 46, 79, 38, 37, 47, 85, 92, 17, 82, 80, 11, 31, 44, 77, 2, 64, 48, 45, 59, 54, 1, 16, 73, 8, 43, 50, 81, 83, 56, 57, 36, 0, 78, 84, 72, 9, 70, 97]
(Iter. 8) BestSol = Solution: cost=[-1348.3400000000006], size=[61], elements=[15, 13, 95, 98, 26, 51, 4, 68, 49, 71, 86, 60, 99, 14, 27, 24, 18, 19, 88, 40, 76, 29, 46, 79, 38, 37, 47, 85, 92, 17, 82, 80, 11, 31, 44, 77, 2, 64, 48, 45, 59, 54, 1, 16, 73, 8, 43, 50, 81, 83, 56, 57, 36, 0, 78, 84, 72, 9, 70, 97, 96]
(Iter. 9) BestSol = Solution: cost=[-1401.5], size=[61], elements=[13, 95, 98, 26, 51, 4, 68, 49, 71, 86, 60, 99, 14, 27, 24, 18, 19, 88, 40, 76, 29, 46, 79, 38, 37, 47, 85, 92, 17, 82, 80, 11, 31, 44, 77, 2, 64, 48, 45, 59, 54, 1, 16, 73, 8, 43, 50, 81, 83, 56, 57, 36, 0, 78, 84, 72, 9, 70, 97, 96, 91]
(Iter. 12) BestSol = Solution: cost=[-1437.1200000000003], size=[61], elements=[95, 98, 26, 51, 4, 68, 49, 71, 86, 60, 99, 14, 27, 24, 18, 19, 88, 40, 76, 29, 46, 79, 38, 37, 47, 85, 92, 17, 82, 80, 11, 31, 44, 77, 2, 64, 48, 45, 59, 54, 1, 16, 73, 8, 43, 50, 81, 83, 56, 57, 36, 0, 78, 84, 72, 9, 70, 97, 96, 91, 34]
(Iter. 13) BestSol = Solution: cost=[-1457.5100000000002], size=[62], elements=[95, 98, 26, 51, 4, 68, 49, 71, 86, 60, 99, 14, 27, 24, 18, 19, 88, 40, 76, 29, 46, 79, 38, 37, 47, 85, 92, 17, 82, 80, 11, 31, 44, 77, 2, 64, 48, 45, 59, 54, 1, 16, 73, 8, 43, 50, 81, 83, 56, 57, 36, 0, 78, 84, 72, 9, 70, 97, 96, 91, 34, 25]
(Iter. 18) BestSol = Solution: cost=[-1461.1799999999998], size=[64], elements=[95, 98, 26, 51, 4, 68, 49, 71, 86, 60, 99, 14, 27, 24, 18, 19, 88, 40, 76, 29, 46, 79, 38, 37, 47, 85, 92, 17, 82, 80, 11, 31, 44, 77, 2, 64, 48, 45, 59, 54, 1, 16, 73, 8, 43, 50, 81, 83, 57, 36, 0, 78, 84, 72, 9, 70, 97, 96, 91, 34, 25, 6, 93, 69]
(Iter. 19) BestSol = Solution: cost=[-1471.3799999999997], size=[64], elements=[95, 98, 26, 51, 4, 68, 49, 71, 86, 60, 99, 14, 27, 24, 18, 19, 88, 40, 76, 29, 46, 79, 38, 37, 47, 85, 92, 17, 82, 80, 11, 31, 44, 77, 2, 64, 48, 45, 59, 54, 1, 16, 73, 8, 43, 50, 81, 83, 57, 36, 0, 78, 84, 72, 9, 70, 97, 96, 91, 34, 6, 93, 69, 55]
(Iter. 21) BestSol = Solution: cost=[-1478.12], size=[66], elements=[95, 98, 26, 51, 4, 68, 49, 71, 86, 60, 99, 14, 27, 24, 18, 19, 88, 40, 76, 29, 46, 79, 38, 37, 47, 85, 92, 17, 82, 80, 11, 31, 44, 77, 2, 64, 48, 45, 59, 54, 1, 16, 73, 8, 43, 50, 81, 83, 57, 36, 0, 78, 84, 72, 9, 70, 97, 96, 91, 34, 6, 93, 69, 55, 5, 42]
(Iter. 22) BestSol = Solution: cost=[-1490.0299999999997], size=[66], elements=[95, 98, 26, 51, 4, 68, 49, 71, 86, 60, 99, 14, 27, 24, 18, 19, 88, 40, 76, 29, 46, 79, 38, 37, 47, 85, 92, 17, 80, 11, 31, 44, 77, 2, 64, 48, 45, 59, 54, 1, 16, 73, 8, 43, 50, 81, 83, 57, 36, 0, 78, 84, 72, 9, 70, 97, 96, 91, 34, 6, 93, 69, 55, 5, 42, 13]
(Iter. 24) BestSol = Solution: cost=[-1503.8399999999997], size=[65], elements=[95, 98, 26, 51, 4, 68, 49, 71, 86, 60, 99, 14, 27, 24, 18, 19, 88, 40, 76, 29, 46, 79, 38, 37, 47, 85, 92, 80, 11, 31, 44, 77, 2, 64, 48, 45, 59, 54, 1, 16, 73, 8, 43, 50, 81, 83, 36, 0, 78, 84, 72, 9, 70, 97, 96, 91, 34, 6, 93, 69, 55, 5, 42, 13, 12]
(Iter. 22627) BestSol = Solution: cost=[-1515.86], size=[61], elements=[26, 51, 49, 86, 14, 19, 76, 92, 11, 64, 54, 84, 96, 91, 59, 45, 18, 47, 34, 4, 79, 80, 24, 37, 73, 6, 68, 78, 46, 29, 9, 38, 71, 50, 8, 48, 0, 97, 27, 16, 1, 81, 60, 93, 99, 31, 77, 55, 36, 42, 40, 43, 2, 44, 12, 69, 98, 83, 5, 94, 95]
(Iter. 51749) BestSol = Solution: cost=[-1517.74], size=[63], elements=[26, 51, 49, 86, 14, 19, 92, 11, 64, 54, 84, 96, 91, 45, 4, 18, 76, 59, 37, 34, 60, 47, 27, 80, 29, 79, 44, 8, 68, 46, 6, 97, 16, 81, 78, 24, 99, 2, 83, 1, 73, 38, 71, 77, 0, 31, 70, 9, 85, 72, 40, 42, 36, 55, 12, 98, 43, 48, 5, 95, 69, 93, 50]
(Iter. 51750) BestSol = Solution: cost=[-1519.599999999999], size=[62], elements=[26, 51, 49, 86, 14, 19, 92, 11, 64, 54, 84, 96, 91, 45, 4, 18, 76, 59, 37, 34, 60, 47, 27, 80, 29, 79, 44, 8, 68, 46, 6, 97, 16, 81, 78, 24, 99, 2, 83, 1, 73, 38, 71, 77, 0, 31, 70, 9, 72, 40, 42, 36, 55, 12, 98, 43, 48, 5, 95, 69, 93, 50]
Best solution found: Solution: cost=[-1519.599999999999], size=[62], elements=[26, 51, 49, 86, 14, 19, 92, 11, 64, 54, 84, 96, 91, 45, 4, 18, 76, 59, 37, 34, 60, 47, 27, 80, 29, 79, 44, 8, 68, 46, 6, 97, 16, 81, 78, 24, 99, 2, 83, 1, 73, 38, 71, 77, 0, 31, 70, 9, 72, 40, 42, 36, 55, 12, 98, 43, 48, 5, 95, 69, 93, 50]
Time (s): 1800.020
