(Iter. 0) BestSol = Solution: cost=[-329.8600000000001], size=[26], elements=[41, 32, 37, 17, 14, 30, 9, 11, 36, 44, 45, 29, 39, 43, 18, 0, 40, 15, 23, 7, 35, 12, 24, 47, 21, 13]
(Iter. 1) BestSol = Solution: cost=[-333.1100000000001], size=[27], elements=[41, 32, 37, 17, 14, 30, 9, 11, 36, 44, 45, 29, 39, 43, 18, 0, 40, 15, 23, 7, 35, 12, 24, 47, 21, 13, 6]
(Iter. 2) BestSol = Solution: cost=[-353.1300000000001], size=[27], elements=[41, 32, 37, 17, 14, 9, 11, 36, 44, 45, 29, 39, 43, 18, 0, 40, 15, 23, 7, 35, 12, 24, 47, 21, 13, 6, 4]
(Iter. 4) BestSol = Solution: cost=[-380.59000000000003], size=[28], elements=[41, 32, 37, 17, 14, 9, 11, 36, 44, 45, 29, 39, 43, 18, 0, 40, 15, 23, 7, 35, 12, 24, 47, 21, 6, 4, 8, 10]
(Iter. 5) BestSol = Solution: cost=[-397.75], size=[29], elements=[41, 32, 37, 17, 14, 9, 11, 36, 44, 45, 29, 39, 43, 18, 0, 40, 15, 23, 7, 35, 12, 24, 47, 21, 6, 4, 8, 10, 31]
(Iter. 7) BestSol = Solution: cost=[-399.34000000000015], size=[31], elements=[41, 32, 37, 17, 14, 9, 11, 36, 44, 45, 29, 39, 43, 18, 0, 40, 15, 23, 7, 35, 12, 24, 47, 21, 6, 4, 8, 10, 31, 28, 49]
(Iter. 9) BestSol = Solution: cost=[-400.07000000000005], size=[32], elements=[41, 32, 37, 17, 14, 9, 11, 36, 44, 45, 29, 39, 43, 18, 0, 40, 15, 23, 7, 35, 12, 24, 47, 21, 6, 4, 8, 10, 31, 28, 49, 25]
(Iter. 10) BestSol = Solution: cost=[-403.34000000000015], size=[31], elements=[41, 32, 37, 17, 14, 9, 11, 36, 44, 45, 29, 39, 43, 18, 0, 40, 15, 23, 7, 35, 12, 24, 47, 21, 6, 8, 10, 31, 28, 49, 25]
(Iter. 11) BestSol = Solution: cost=[-408.0400000000001], size=[30], elements=[41, 32, 37, 17, 14, 9, 11, 36, 45, 29, 39, 43, 18, 0, 40, 15, 23, 7, 35, 12, 24, 47, 21, 6, 8, 10, 31, 28, 49, 25]
(Iter. 17) BestSol = Solution: cost=[-412.78000000000003], size=[33], elements=[41, 37, 17, 14, 9, 11, 36, 45, 29, 39, 43, 18, 0, 40, 15, 23, 7, 35, 12, 24, 47, 21, 6, 8, 31, 28, 49, 25, 34, 20, 16, 26, 48]
(Iter. 18) BestSol = Solution: cost=[-442.46999999999997], size=[32], elements=[41, 37, 17, 14, 9, 11, 36, 45, 29, 39, 43, 18, 0, 40, 15, 23, 7, 35, 12, 24, 47, 21, 6, 8, 31, 28, 49, 25, 34, 16, 26, 48]
(Iter. 638) BestSol = Solution: cost=[-443.43], size=[36], elements=[37, 7, 21, 25, 12, 18, 47, 35, 40, 28, 33, 41, 14, 39, 26, 11, 17, 9, 19, 6, 36, 29, 43, 49, 44, 15, 3, 0, 2, 16, 27, 4, 45, 48, 24, 23]
(Iter. 640) BestSol = Solution: cost=[-444.95], size=[35], elements=[37, 7, 21, 25, 12, 18, 47, 35, 40, 28, 33, 41, 14, 39, 26, 11, 17, 9, 19, 6, 36, 29, 49, 44, 15, 3, 0, 2, 16, 27, 45, 48, 24, 23, 43]
Best solution found: Solution: cost=[-444.95], size=[35], elements=[37, 7, 21, 25, 12, 18, 47, 35, 40, 28, 33, 41, 14, 39, 26, 11, 17, 9, 19, 6, 36, 29, 49, 44, 15, 3, 0, 2, 16, 27, 45, 48, 24, 23, 43]
Time (s): 1800.010
