(Iter. 0) BestSol = Solution: cost=[-1450.9399999999994], size=[66], elements=[74, 28, 18, 54, 81, 99, 35, 87, 14, 41, 62, 70, 26, 57, 66, 22, 55, 67, 25, 59, 32, 6, 7, 12, 94, 72, 10, 95, 24, 13, 83, 88, 79, 60, 3, 20, 92, 76, 27, 90, 37, 5, 42, 98, 23, 16, 93, 45, 84, 68, 75, 51, 61, 50, 36, 2, 73, 91, 86, 38, 64, 9, 58, 43, 31, 49]
(Iter. 1) BestSol = Solution: cost=[-1457.2499999999995], size=[67], elements=[74, 28, 18, 54, 81, 99, 35, 87, 14, 41, 62, 70, 26, 57, 66, 22, 55, 67, 25, 59, 32, 6, 7, 12, 94, 72, 10, 95, 24, 13, 83, 88, 79, 60, 3, 20, 92, 76, 27, 90, 37, 5, 42, 98, 23, 16, 93, 45, 84, 68, 75, 51, 61, 50, 36, 2, 73, 91, 86, 38, 64, 9, 58, 43, 31, 49, 33]
(Iter. 11) BestSol = Solution: cost=[-1498.5599999999997], size=[70], elements=[74, 28, 54, 81, 99, 35, 87, 14, 41, 62, 70, 57, 66, 22, 55, 67, 25, 59, 32, 6, 7, 12, 94, 72, 10, 95, 24, 13, 83, 88, 79, 60, 3, 20, 92, 76, 27, 90, 37, 5, 42, 98, 23, 16, 93, 45, 84, 75, 61, 50, 36, 2, 73, 91, 86, 38, 64, 9, 58, 43, 31, 49, 33, 77, 85, 17, 19, 4, 69, 97]
(Iter. 12) BestSol = Solution: cost=[-1514.2199999999996], size=[69], elements=[74, 28, 54, 81, 99, 35, 87, 14, 62, 70, 57, 66, 22, 55, 67, 25, 59, 32, 6, 7, 12, 94, 72, 10, 95, 24, 13, 83, 88, 79, 60, 3, 20, 92, 76, 27, 90, 37, 5, 42, 98, 23, 16, 93, 45, 84, 75, 61, 50, 36, 2, 73, 91, 86, 38, 64, 9, 58, 43, 31, 49, 33, 77, 85, 17, 19, 4, 69, 97]
(Iter. 13) BestSol = Solution: cost=[-1530.3299999999995], size=[68], elements=[74, 28, 54, 81, 99, 35, 87, 14, 62, 70, 57, 66, 22, 55, 67, 25, 59, 32, 6, 7, 12, 94, 72, 10, 95, 24, 13, 83, 88, 79, 60, 3, 20, 92, 76, 27, 90, 37, 5, 42, 98, 23, 16, 93, 45, 84, 75, 61, 50, 36, 2, 73, 91, 86, 38, 64, 9, 58, 43, 31, 49, 77, 85, 17, 19, 4, 69, 97]
(Iter. 14) BestSol = Solution: cost=[-1543.2599999999995], size=[67], elements=[74, 28, 54, 81, 99, 35, 87, 14, 62, 57, 66, 22, 55, 67, 25, 59, 32, 6, 7, 12, 94, 72, 10, 95, 24, 13, 83, 88, 79, 60, 3, 20, 92, 76, 27, 90, 37, 5, 42, 98, 23, 16, 93, 45, 84, 75, 61, 50, 36, 2, 73, 91, 86, 38, 64, 9, 58, 43, 31, 49, 77, 85, 17, 19, 4, 69, 97]
(Iter. 810) BestSol = Solution: cost=[-1544.7300000000002], size=[67], elements=[87, 14, 66, 22, 55, 67, 59, 12, 72, 95, 24, 13, 79, 76, 16, 45, 84, 61, 50, 64, 43, 69, 39, 11, 35, 5, 2, 25, 83, 97, 85, 42, 91, 3, 58, 23, 4, 27, 90, 74, 36, 88, 57, 94, 54, 98, 99, 9, 6, 78, 93, 51, 82, 81, 20, 19, 0, 31, 1, 37, 77, 7, 48, 32, 86, 17, 96]
(Iter. 6532) BestSol = Solution: cost=[-1553.1800000000003], size=[68], elements=[14, 66, 22, 59, 12, 95, 13, 79, 16, 45, 61, 50, 69, 39, 11, 72, 5, 55, 67, 91, 76, 24, 2, 42, 83, 94, 23, 64, 35, 84, 32, 81, 57, 43, 74, 48, 31, 20, 87, 6, 54, 99, 58, 85, 36, 25, 88, 98, 82, 70, 9, 51, 78, 93, 4, 62, 41, 0, 96, 90, 97, 37, 27, 77, 17, 10, 7, 86]
(Iter. 117727) BestSol = Solution: cost=[-1556.5999999999997], size=[68], elements=[14, 66, 22, 59, 12, 79, 16, 50, 69, 39, 11, 61, 13, 67, 95, 76, 45, 24, 55, 72, 43, 5, 87, 84, 42, 25, 64, 32, 97, 83, 4, 23, 78, 57, 2, 94, 31, 58, 27, 37, 3, 88, 35, 17, 7, 81, 98, 54, 99, 6, 20, 36, 93, 10, 51, 9, 90, 41, 91, 48, 96, 0, 74, 82, 62, 86, 85, 77]
Best solution found: Solution: cost=[-1556.5999999999997], size=[68], elements=[14, 66, 22, 59, 12, 79, 16, 50, 69, 39, 11, 61, 13, 67, 95, 76, 45, 24, 55, 72, 43, 5, 87, 84, 42, 25, 64, 32, 97, 83, 4, 23, 78, 57, 2, 94, 31, 58, 27, 37, 3, 88, 35, 17, 7, 81, 98, 54, 99, 6, 20, 36, 93, 10, 51, 9, 90, 41, 91, 48, 96, 0, 74, 82, 62, 86, 85, 77]
Time (s): 1800.012
