(Iter. 0) BestSol = Solution: cost=[-1830.4800000000002], size=[76], elements=[75, 35, 57, 81, 29, 22, 88, 80, 23, 63, 24, 7, 4, 60, 31, 34, 71, 10, 91, 46, 53, 19, 12, 18, 96, 70, 62, 89, 28, 5, 16, 1, 49, 11, 3, 72, 56, 69, 52, 76, 30, 65, 13, 39, 0, 67, 45, 21, 83, 86, 15, 93, 79, 9, 38, 87, 42, 98, 54, 68, 95, 32, 99, 51, 33, 25, 61, 20, 48, 26, 36, 37, 14, 8, 77, 64]
(Iter. 1) BestSol = Solution: cost=[-1904.5300000000004], size=[75], elements=[75, 35, 57, 81, 29, 22, 88, 80, 23, 63, 7, 4, 60, 31, 34, 71, 10, 91, 46, 53, 19, 12, 18, 96, 70, 62, 89, 28, 5, 16, 1, 49, 11, 3, 72, 56, 69, 52, 76, 30, 65, 13, 39, 0, 67, 45, 21, 83, 86, 15, 93, 79, 9, 38, 87, 42, 98, 54, 68, 95, 32, 99, 51, 33, 25, 61, 20, 48, 26, 36, 37, 14, 8, 77, 64]
(Iter. 3) BestSol = Solution: cost=[-1950.3100000000004], size=[76], elements=[75, 35, 57, 81, 29, 22, 88, 80, 23, 63, 7, 4, 60, 31, 34, 71, 10, 91, 46, 53, 19, 12, 96, 70, 62, 89, 28, 5, 16, 1, 49, 11, 3, 72, 56, 69, 52, 76, 30, 65, 13, 39, 0, 67, 45, 21, 83, 86, 15, 93, 79, 9, 38, 87, 42, 98, 54, 68, 95, 32, 99, 51, 33, 25, 61, 20, 48, 26, 36, 37, 14, 8, 77, 64, 82, 2]
(Iter. 214) BestSol = Solution: cost=[-1993.7700000000004], size=[74], elements=[57, 81, 22, 88, 23, 63, 7, 4, 31, 34, 19, 12, 96, 70, 62, 89, 28, 1, 11, 3, 72, 56, 30, 65, 13, 39, 67, 45, 83, 86, 15, 93, 79, 38, 87, 98, 54, 95, 32, 99, 51, 25, 61, 26, 36, 37, 2, 35, 75, 29, 53, 9, 10, 0, 76, 68, 8, 33, 69, 49, 16, 80, 52, 71, 66, 48, 14, 42, 60, 64, 84, 21, 58, 94]
(Iter. 351) BestSol = Solution: cost=[-2025.9199999999994], size=[70], elements=[57, 81, 22, 88, 23, 63, 7, 4, 31, 34, 19, 96, 70, 62, 28, 11, 3, 72, 56, 65, 13, 39, 67, 45, 83, 86, 15, 93, 79, 38, 87, 98, 54, 95, 32, 99, 51, 25, 61, 26, 35, 75, 9, 68, 71, 48, 42, 0, 10, 29, 76, 89, 16, 53, 20, 33, 8, 14, 80, 30, 37, 94, 64, 2, 1, 21, 49, 12, 36, 58]
(Iter. 352) BestSol = Solution: cost=[-2040.1999999999996], size=[71], elements=[57, 81, 22, 88, 23, 63, 7, 4, 31, 34, 19, 96, 70, 62, 28, 11, 3, 72, 56, 65, 13, 39, 67, 45, 83, 86, 15, 93, 79, 38, 87, 98, 54, 95, 32, 99, 51, 25, 61, 26, 35, 75, 9, 68, 71, 48, 42, 0, 10, 29, 76, 89, 16, 53, 20, 33, 8, 14, 80, 30, 37, 94, 64, 2, 1, 21, 49, 12, 36, 58, 5]
(Iter. 3323) BestSol = Solution: cost=[-2052.3599999999997], size=[68], elements=[57, 88, 23, 7, 31, 34, 19, 62, 28, 11, 3, 65, 13, 39, 45, 83, 86, 15, 93, 38, 87, 98, 51, 25, 26, 81, 99, 32, 54, 72, 35, 79, 1, 22, 4, 96, 68, 30, 70, 89, 95, 75, 56, 14, 71, 67, 10, 16, 63, 12, 37, 21, 76, 53, 0, 29, 5, 9, 80, 66, 33, 36, 48, 64, 61, 94, 42, 8]
(Iter. 13206) BestSol = Solution: cost=[-2052.44], size=[68], elements=[88, 23, 31, 34, 19, 28, 11, 3, 65, 13, 45, 83, 93, 38, 98, 25, 96, 57, 39, 87, 7, 51, 15, 86, 54, 32, 62, 70, 72, 95, 56, 81, 99, 68, 67, 37, 61, 22, 4, 79, 76, 26, 35, 33, 30, 8, 48, 1, 42, 75, 63, 89, 29, 80, 9, 5, 0, 64, 71, 10, 16, 94, 53, 14, 21, 84, 66, 12]
(Iter. 13207) BestSol = Solution: cost=[-2059.21], size=[68], elements=[88, 23, 31, 34, 19, 28, 11, 3, 65, 13, 45, 83, 93, 38, 98, 25, 96, 57, 39, 87, 7, 51, 15, 86, 54, 32, 62, 70, 72, 95, 56, 81, 99, 68, 67, 37, 61, 22, 4, 79, 76, 26, 35, 33, 30, 8, 48, 1, 42, 75, 63, 89, 29, 80, 9, 5, 0, 64, 71, 10, 16, 53, 14, 21, 84, 66, 12, 36]
(Iter. 151011) BestSol = Solution: cost=[-2059.7200000000003], size=[67], elements=[23, 31, 28, 3, 65, 13, 38, 98, 25, 15, 57, 93, 19, 62, 45, 11, 83, 39, 81, 88, 96, 86, 56, 70, 87, 51, 7, 75, 32, 99, 22, 34, 1, 95, 67, 72, 26, 61, 35, 14, 68, 30, 89, 63, 76, 42, 4, 10, 5, 16, 80, 37, 79, 9, 33, 36, 8, 21, 94, 29, 64, 54, 53, 48, 71, 0, 58]
Best solution found: Solution: cost=[-2059.7200000000003], size=[67], elements=[23, 31, 28, 3, 65, 13, 38, 98, 25, 15, 57, 93, 19, 62, 45, 11, 83, 39, 81, 88, 96, 86, 56, 70, 87, 51, 7, 75, 32, 99, 22, 34, 1, 95, 67, 72, 26, 61, 35, 14, 68, 30, 89, 63, 76, 42, 4, 10, 5, 16, 80, 37, 79, 9, 33, 36, 8, 21, 94, 29, 64, 54, 53, 48, 71, 0, 58]
Time (s): 1800.020
