50
5 5 5 5 5 5 5 5 5 5 5 5 5 5 5 5 5 5 5 5 5 5 5 5 5 5 5 5 5 5 5 5 5 5 5 5 5 5 5 5 5 5 5 5 5 5 5 5 5 5
0 14 21 18 31
1 41 46 5 7
2 24 1 29 20
3 10 13 4 49
4 11 12 18 26
5 16 42 8 17
6 19 40 48 28
7 21 3 34 13
8 22 3 25 44
9 31 18 40 32
10 30 18 44 34
11 49 4 28 5
12 44 13 15 40
13 39 27 49 37
14 15 11 27 25
15 36 39 25 43
16 11 37 8 44
17 41 15 42 16
18 42 30 29 19
19 14 8 18 34
20 3 28 46 41
21 29 45 17 28
22 42 5 15 14
23 45 2 37 31
24 46 2 22 26
25 1 28 27 46
26 24 1 29 15
27 1 49 10 46
28 49 0 36 41
29 5 45 30 32
30 7 1 43 48
31 45 6 24 15
32 45 16 48 46
33 48 26 28 13
34 28 49 5 31
35 41 32 10 23
36 27 7 41 38
37 10 22 6 48
38 10 13 48 22
39 20 41 7 14
40 25 27 17 28
41 34 13 45 20
42 0 21 4 39
43 2 11 27 46
44 11 37 27 24
45 3 36 27 2
46 41 0 20 39
47 6 27 24 45
48 17 46 5 18
49 31 12 1 22
-1.95 3.48 6.24 5.0 9.99 -4.83 0.86 -9.8 -5.49 -2.05 8.41 -7.81 2.48 1.67 -1.6 0.59 7.32 -6.29 -9.29 -6.27 6.58 -1.37 -2.29 4.44 1.93 4.5 9.63 -0.7 4.01 1.87 -2.63 -5.93 3.82 -7.95 -8.63 -3.21 -2.62 8.85 -1.73 -2.85 -1.46 -1.84 -9.93 4.0 7.99 4.64 -0.52 -9.91 7.07 -0.96
-0.77 2.19 -5.49 7.03 -0.09 -7.87 -5.13 8.58 -0.93 -7.33 3.73 9.31 -2.3 -0.86 5.6 5.16 -1.12 0.78 -6.95 4.85 1.64 -6.76 5.39 -2.08 5.51 -7.24 7.77 -9.45 -3.46 5.62 5.59 -3.73 9.47 0.17 5.41 -0.33 2.98 -6.2 -2.48 -1.84 -9.92 5.29 -5.01 9.95 -3.06 1.39 5.94 -8.45 -4.67
8.56 -1.59 -0.96 -2.05 9.0 4.61 1.11 4.09 -2.01 -5.39 -9.96 -1.8 2.98 -3.67 -0.69 -0.29 -0.67 -8.72 -8.9 -0.66 3.29 -5.73 -3.53 -5.15 7.57 5.07 -4.51 -8.88 -3.8 9.05 8.33 0.45 4.84 8.04 3.78 5.1 4.66 8.7 -1.06 3.79 3.25 6.17 -4.96 -4.19 -7.93 -2.59 5.69 6.16
-7.65 -3.77 3.48 -8.39 8.12 3.19 2.51 -6.09 7.39 4.29 8.32 7.23 -7.51 -4.04 3.22 4.54 -5.47 -1.64 1.84 5.38 -8.35 0.66 -6.74 -7.93 4.62 7.27 2.55 -6.52 3.01 -5.77 9.08 -8.05 -1.88 9.27 8.19 2.46 4.75 -9.3 1.33 -3.59 -3.72 -8.45 9.62 -8.45 -8.33 -9.97 0.48
8.99 -4.72 -2.34 6.62 -4.88 5.39 -4.21 -2.42 -5.24 -9.89 4.41 4.18 0.54 -9.27 -8.02 3.43 -6.66 5.55 7.86 5.01 -0.28 -7.13 3.11 4.58 -9.94 -3.74 -2.33 2.33 -5.75 -8.02 5.25 -7.56 1.91 3.96 6.25 2.06 -7.61 -3.28 1.26 0.19 4.79 -7.71 0.75 9.72 0.52 -6.19
-6.8 7.39 8.89 -8.54 -1.12 -3.08 -2.74 -0.18 -3.97 -4.85 1.78 4.17 -0.0 -4.24 5.06 -8.51 3.28 -6.93 -1.23 -3.92 -8.08 -0.2 3.87 -2.08 -2.0 8.31 -9.41 2.96 4.33 -7.77 -9.23 -2.22 -2.6 -9.66 -1.76 2.96 5.72 -5.76 -8.35 6.12 1.13 2.16 0.28 -8.81 -9.36
-3.65 -2.24 -3.07 -1.67 8.95 3.33 -2.0 -8.39 8.72 1.02 -3.19 9.67 7.46 -8.64 -9.7 3.8 -4.63 7.36 5.58 4.46 -5.91 -2.04 3.31 -3.72 -1.93 9.87 6.98 -3.6 2.93 -3.16 4.35 -7.27 1.92 -5.76 -9.08 -7.47 -8.78 9.1 7.18 -1.31 -9.0 9.44 6.19 5.02
-9.85 -2.8 -3.36 6.95 -5.39 -2.47 -0.56 -5.31 7.64 -6.08 -0.85 -7.22 0.36 -0.23 -4.06 -4.0 -4.64 3.35 -8.11 0.24 -8.0 3.77 -6.27 -2.38 -1.21 -8.79 7.83 8.0 7.05 6.94 7.67 -9.82 7.11 -9.35 -2.82 -7.57 -5.11 0.56 7.14 7.73 0.14 -1.73 -0.75
7.69 -9.14 -5.1 5.53 1.74 0.3 -3.1 9.44 9.27 -7.62 9.27 5.28 3.6 2.92 -6.33 -0.11 -4.99 -8.29 -0.98 -4.05 -0.37 9.1 3.5 2.12 -4.2 -5.14 3.13 4.61 7.69 -6.47 -0.08 0.24 8.36 -1.35 -3.79 8.02 -6.34 6.41 5.84 5.0 -5.54 6.93
-3.47 -3.44 -0.09 8.34 -4.24 -9.39 -9.29 -5.61 -2.42 2.02 -2.87 -9.17 -5.86 -7.75 1.3 -4.07 -5.9 0.43 3.56 9.33 5.88 -0.37 6.08 -0.01 -7.55 -2.94 -7.47 -4.67 -7.44 7.16 -3.9 -4.45 -2.81 3.25 -9.25 -6.81 2.81 -9.92 9.98 9.6 -5.08
-8.9 1.58 7.57 -2.32 0.98 -5.19 -6.02 -6.44 1.07 -7.86 1.94 8.67 4.57 -3.13 2.82 1.15 -9.12 -5.02 -5.67 -8.13 5.57 1.88 -6.75 -8.75 0.61 2.51 9.49 -3.03 -1.2 5.13 -7.08 -0.17 1.38 4.98 -4.78 3.36 -8.11 5.16 6.84 2.59
-3.38 2.68 2.91 -2.69 -9.91 -9.94 7.85 2.25 0.7 -9.64 7.23 9.89 0.87 -1.59 8.23 -4.48 -6.65 4.79 -8.09 -2.81 -2.89 -1.89 -0.9 -6.41 6.63 0.47 -9.18 -2.88 -9.59 -2.49 3.8 -0.37 -2.7 -8.33 -1.42 6.4 4.14 -8.98 0.89
2.95 4.15 0.68 -4.96 -4.44 0.19 6.0 -7.49 -2.88 -9.94 1.18 -2.64 -3.09 0.65 -5.48 -2.08 5.52 3.53 -9.79 7.75 5.01 -5.72 -3.28 6.22 -0.92 3.16 -5.77 -0.34 -4.07 -9.44 -5.81 3.36 0.8 -3.05 7.35 -6.8 -0.12 7.68
-6.64 0.69 9.91 -7.33 -6.62 8.05 -0.57 6.77 -2.33 9.44 7.86 7.04 9.96 -7.1 4.29 -5.93 1.76 -1.14 5.1 -6.98 1.63 3.09 -9.33 4.48 3.81 1.8 2.44 -7.61 -7.03 8.97 1.4 -9.77 3.39 -5.38 -2.08 -6.67 3.7
3.78 -6.93 6.55 -4.04 -4.36 2.59 -7.38 -2.16 -0.01 -1.98 9.88 -7.2 1.58 -2.24 -3.58 -9.66 -1.61 -9.17 2.06 -5.04 2.21 2.66 -1.14 9.65 0.2 1.38 1.07 -9.41 5.64 4.05 -4.76 -2.88 6.19 -0.49 2.75 6.5
2.86 -0.49 -6.73 9.64 -1.1 1.22 -6.37 -8.06 1.04 -0.05 -1.69 4.13 4.04 -0.19 -6.58 -1.89 -9.88 3.95 -9.58 3.97 4.81 -5.42 -4.46 -6.47 -6.32 5.14 -4.49 6.96 5.94 -4.87 -6.72 3.4 5.02 4.5 9.73
-1.68 -3.64 -8.73 -7.33 -2.63 -8.11 -3.15 -9.6 -6.37 -5.41 3.67 4.3 4.08 -3.46 0.65 -0.99 -2.82 9.93 8.75 8.57 3.67 -0.25 -7.7 2.6 9.36 8.05 -2.35 5.21 6.46 1.84 9.17 2.11 -4.14 1.57
7.82 9.19 8.14 -3.58 5.28 -3.56 -7.08 -0.27 3.75 -0.82 5.52 5.86 -5.16 9.89 -6.54 0.27 -9.01 8.58 -5.89 6.17 0.97 -5.6 9.53 9.25 6.8 -5.59 7.86 9.11 -1.12 -7.39 7.23 -5.25 8.55
-3.05 9.74 6.14 -9.97 5.22 1.59 5.99 8.59 7.95 -3.98 -2.69 -0.68 -7.29 -3.57 -1.87 -0.0 -8.03 -8.15 3.83 -8.29 9.53 -4.34 1.46 6.11 -2.57 3.98 -6.08 -4.04 0.65 -7.66 -8.9 -6.68
-5.41 0.38 -9.22 -3.02 7.8 -5.12 4.73 7.46 -1.63 -9.68 8.64 2.42 -9.03 6.32 2.71 8.84 -3.43 6.39 -2.05 2.84 8.61 -2.5 -0.54 -0.99 8.88 -1.45 1.34 4.11 -0.21 -3.75 -0.59
-5.95 3.7 -8.33 -1.61 -9.38 -4.95 -0.36 -4.23 9.38 6.39 0.93 -7.43 -0.1 1.08 2.99 -5.54 4.18 4.98 -2.35 -1.64 5.03 -7.63 -5.01 5.58 6.32 6.07 -9.93 -1.15 -1.96 0.12
7.91 -0.67 6.61 -1.1 4.53 -6.8 -0.83 9.36 -3.72 4.54 2.33 -1.92 -7.64 -2.15 3.11 -1.72 -9.16 -9.52 -1.29 -6.2 -2.24 7.76 0.52 -4.48 -2.44 -4.53 -3.77 0.49 9.62
-3.9 1.5 1.8 3.45 5.82 3.86 0.88 3.11 7.64 -3.09 -9.25 -0.05 8.14 5.93 -0.17 -3.05 5.87 8.51 -3.39 1.87 6.11 2.3 -4.26 4.59 -9.33 -8.46 5.36 -0.94
-4.14 -7.57 -7.83 3.09 4.54 -6.89 8.14 -9.32 8.81 5.99 -9.78 -6.62 -2.37 -2.47 -7.52 -9.13 1.87 3.76 -9.28 -9.61 8.54 1.81 -0.47 -4.7 -4.7 6.16 -8.48
-2.75 -7.75 -4.2 -9.92 0.76 2.33 -6.96 -9.47 -6.85 -3.97 -7.05 -6.82 9.64 8.85 5.04 -4.61 2.45 1.83 -2.85 6.01 -8.09 -7.5 6.22 -0.16 -3.51 1.3
-3.85 0.37 -5.7 3.37 -7.29 -7.86 -9.52 5.08 0.75 5.98 9.81 -1.55 -7.73 7.59 -8.16 -7.67 -7.12 -6.43 -6.2 7.86 8.54 0.73 0.94 1.19 -3.13
-2.08 -6.79 3.09 -4.25 6.93 -5.59 -7.68 -9.6 -6.92 5.14 -2.89 4.46 -2.48 6.0 -9.58 4.26 -7.72 -8.24 -1.73 7.88 8.55 0.33 4.35 2.56
2.65 -4.65 9.69 4.19 0.65 8.14 6.01 5.57 9.69 -2.78 -2.35 6.88 7.59 1.62 4.23 5.73 -8.11 -2.93 4.58 -9.7 -4.19 -2.16 9.83
9.05 6.82 1.03 -6.73 -6.0 -1.78 7.16 -4.73 -7.21 -7.3 -5.86 7.1 1.99 9.7 5.58 -0.99 -6.45 5.98 -5.02 -5.88 -7.06 -3.76
-0.29 1.38 1.81 2.97 5.21 -2.8 -0.41 8.79 -2.1 -1.88 2.19 -0.46 -5.88 -9.16 -6.63 -9.28 -0.08 9.5 3.26 0.94 6.09
6.86 6.01 8.55 -1.23 -8.66 -2.78 -2.79 2.69 1.3 -5.93 -1.07 9.69 -3.78 -6.79 -9.65 7.37 -7.85 9.92 -6.85 -4.48
0.96 -0.91 -2.24 -2.24 1.41 -5.68 0.98 3.22 -3.91 -1.25 -2.92 -3.97 2.41 -0.3 9.32 5.25 -7.67 7.78 0.74
-1.32 -4.94 4.49 6.77 8.93 -6.0 -7.54 7.9 -1.45 -4.72 -5.39 -2.24 3.39 -6.29 1.17 6.68 5.52 -4.43
-2.61 3.25 1.6 8.78 -9.18 2.24 8.75 -9.19 2.13 -9.35 9.73 -9.28 -5.62 2.41 -5.93 3.12 5.0
-1.08 -4.03 9.88 5.21 -2.36 4.43 7.05 7.4 -3.34 1.47 -4.02 7.92 -2.51 -8.45 -3.55 -1.03
-3.0 0.21 7.11 9.35 -3.04 -3.43 1.92 1.91 -2.03 2.67 -0.98 5.84 -5.73 -3.74 2.52
8.77 1.06 -2.79 6.63 -5.32 6.0 -3.23 7.55 -5.03 -7.89 -8.46 -1.18 -9.89 -2.89
-9.25 6.75 5.55 2.59 -1.14 8.74 0.06 -3.4 -9.79 -8.19 -4.3 2.44 6.26
-3.41 -2.56 9.46 5.26 -9.79 8.21 -0.04 -6.98 -8.56 1.45 -0.76 7.74
-8.64 2.44 -3.59 -9.46 1.12 1.39 -8.07 2.17 -7.9 -9.5 3.54
7.83 1.75 9.08 3.75 -4.49 3.93 -4.86 4.5 -8.61 9.66
-0.73 0.19 -7.26 -0.99 -8.29 -8.08 -8.62 2.94 -6.83
2.11 1.6 7.79 -7.04 -9.05 4.22 2.64 -4.21
-1.53 2.81 -2.84 -7.38 -6.57 -1.54 -3.41
-0.01 4.54 3.07 -3.48 -2.84 -7.53
2.85 -9.95 7.77 -1.72 -5.88
3.47 7.57 7.01 0.49
0.98 -0.6 -9.8
-2.19 -0.8
5.93
