50
3 3 3 3 3 3 3 3 3 3 3 3 3 3 3 3 3 3 3 3 3 3 3 3 3 3 3 3 3 3 3 3 3 3 3 3 3 3 3 3 3 3 3 3 3 3 3 3 3 3
0 35 36
1 21 0
2 13 27
3 45 43
4 22 45
5 19 29
6 10 5
7 1 29
8 4 16
9 30 25
10 21 47
11 36 41
12 19 9
13 14 1
14 33 43
15 30 24
16 18 4
17 27 23
18 28 41
19 37 46
20 26 17
21 8 41
22 20 11
23 41 35
24 44 26
25 3 26
26 23 4
27 49 38
28 29 12
29 2 36
30 10 28
31 15 22
32 20 18
33 1 20
34 2 17
35 36 27
36 12 24
37 48 19
38 28 33
39 3 19
40 13 36
41 39 35
42 0 25
43 10 44
44 40 43
45 9 1
46 47 36
47 8 31
48 18 3
49 47 6
8.02 8.23 6.12 7.89 0.73 -1.07 -1.16 -3.51 -3.99 4.84 -2.3 7.57 -3.32 1.83 2.92 -5.13 7.05 4.3 -8.96 -7.11 7.56 8.92 -2.32 6.95 -3.75 7.29 -7.57 -6.68 -7.13 8.3 -4.2 6.46 -2.87 0.36 -6.51 -8.53 0.91 -3.46 -5.79 9.56 8.46 -7.1 4.57 0.43 8.5 9.0 2.53 -3.52 7.98 8.41
9.13 -0.21 -6.12 -4.3 -2.93 6.01 0.29 -7.24 0.68 -1.65 -1.99 -0.29 -2.4 -7.91 -6.69 -9.79 -1.09 3.31 -4.71 -4.51 -1.47 -4.95 9.54 -4.29 -8.61 3.96 -2.5 6.4 -5.23 8.09 -9.23 3.95 -6.79 -2.98 -9.58 -1.06 -3.32 2.0 -3.36 -3.68 -6.06 -1.68 7.2 3.81 5.75 2.78 -1.04 8.43 5.95
-5.25 -9.35 3.23 -1.11 -4.18 1.04 -2.98 0.86 7.51 -2.97 -9.31 9.67 1.9 6.94 -6.98 -4.91 -2.37 -5.35 -2.83 3.88 0.14 5.63 3.09 -3.34 -1.65 0.36 -8.74 0.18 2.14 -9.24 2.05 3.02 8.56 6.21 3.82 -1.81 2.33 -7.31 -3.36 -9.63 2.13 7.14 6.01 -5.54 8.89 3.89 5.66 6.74
-8.66 -5.46 3.45 -3.78 0.58 -4.77 3.04 -3.37 -3.99 -0.2 8.66 -7.85 -6.46 4.29 4.36 -8.2 2.19 2.46 -3.78 6.37 3.09 -4.6 1.44 0.91 -0.72 -2.79 -1.87 -8.43 -3.14 -2.92 -1.63 -0.52 -5.83 9.93 -0.94 6.38 4.02 8.41 8.9 -4.49 9.79 -9.22 -7.7 0.88 -6.02 -9.22 -4.99
3.84 6.7 8.96 4.76 7.78 -8.12 -1.32 -7.45 -2.44 5.95 0.75 4.52 8.4 3.63 -3.61 -2.3 1.32 9.44 -3.16 4.72 -5.27 1.51 -0.45 -1.92 -4.38 1.97 1.52 1.77 5.16 -8.0 -2.74 4.53 4.07 -5.97 0.92 -1.27 -5.74 7.33 6.35 1.46 4.72 -8.07 6.79 -4.28 1.06 6.53
1.01 -4.29 -2.74 -9.32 4.65 -3.17 6.5 1.0 6.15 0.05 -4.59 1.23 -6.09 -0.88 -0.87 -2.77 1.2 -4.1 -5.43 9.24 -1.09 3.19 -9.02 2.25 8.94 -4.88 2.54 -8.49 -5.32 -3.21 -2.96 2.51 -7.68 4.42 -4.79 -2.39 -8.75 -6.94 -7.34 2.75 -0.72 7.33 5.23 -8.62 -4.77
9.04 0.65 1.96 -9.58 7.19 9.59 -3.39 -5.61 8.92 -0.78 -1.98 4.67 0.7 -6.25 8.29 1.66 6.93 7.0 -1.47 9.67 -3.94 -3.49 -5.64 -1.41 -6.42 6.69 -1.83 0.15 9.07 -6.57 -2.81 -7.27 -1.0 5.05 2.05 5.77 -9.27 3.39 -3.43 -6.83 -8.85 6.9 -4.17 2.07
-5.69 6.11 -4.43 9.93 -9.06 1.91 -6.05 0.04 -7.99 1.44 -3.67 6.62 -7.06 -0.28 5.52 -6.69 -4.98 6.96 -7.37 -0.18 8.65 8.27 -8.18 -6.44 2.02 2.04 8.09 -4.28 4.64 7.6 -5.7 4.62 2.32 -0.43 9.25 9.87 4.84 9.21 6.89 8.02 -7.7 -7.33 5.21
8.07 8.21 -0.22 3.03 -9.26 0.22 -9.42 -8.99 -5.66 9.77 -9.04 -2.28 2.98 1.23 9.85 5.54 1.02 -2.39 -8.93 5.8 8.48 3.27 -3.16 7.21 5.39 9.65 -1.15 -7.02 -7.68 -5.73 4.57 0.95 5.11 3.19 -9.91 -4.05 6.3 0.21 1.01 -9.97 9.94 -5.41
-8.11 -4.67 2.54 5.09 -3.68 -2.77 -9.79 3.49 -1.8 1.94 -2.05 7.31 3.31 1.18 5.51 -1.97 3.42 -3.2 0.27 -8.03 3.53 -4.37 6.5 2.18 4.72 -4.3 -7.5 4.35 -9.58 -4.1 1.63 0.72 8.69 -1.4 -0.39 0.65 -4.62 -0.61 8.97 -5.43 -2.09
-0.64 7.76 2.57 -2.82 4.62 -4.62 0.05 -4.11 8.84 -5.73 -6.12 -8.7 7.7 -9.54 -9.7 9.63 -4.93 2.94 -9.37 -4.7 -4.13 9.28 -8.55 -4.47 -6.31 -3.75 5.27 4.85 9.26 -7.38 -0.8 -9.56 -5.13 -6.44 -3.25 -2.91 8.2 1.58 2.74 8.2
-7.3 -9.83 -4.13 7.77 -4.79 3.43 -0.63 -5.69 -2.26 -5.13 1.68 -9.94 -1.06 -7.99 2.16 9.91 7.94 -1.6 0.14 4.98 -5.94 4.71 6.45 -8.19 -5.27 5.38 7.22 2.4 6.87 -9.6 2.12 6.4 -7.0 8.31 -0.26 -9.43 3.91 -4.16 -6.31
2.13 9.07 5.27 3.29 2.59 -9.71 5.46 4.12 0.72 6.2 -1.52 0.85 -9.88 1.86 5.64 8.57 -2.07 8.91 -7.94 -1.86 3.25 1.47 -1.01 1.53 0.33 3.12 -4.1 6.4 -6.96 -3.96 1.21 -4.6 -7.25 0.84 8.19 2.52 -1.91 -0.33
-2.37 -6.81 -9.86 3.15 1.13 1.1 -5.62 8.13 4.99 5.55 3.68 6.07 2.62 -4.23 -7.22 5.6 4.59 7.75 -3.45 -9.08 -0.05 6.66 8.31 -0.57 -2.4 -2.08 3.24 -0.68 6.94 2.44 7.4 -1.05 4.37 -1.32 0.21 -3.98 4.63
0.6 9.02 0.53 7.43 -8.02 7.55 -3.93 -6.53 4.37 -5.65 2.02 2.93 -9.18 0.05 8.77 -7.83 -8.13 -6.93 -2.69 -6.01 9.86 5.86 5.39 8.09 -2.85 -4.1 2.89 -7.62 -5.37 3.66 4.22 -9.49 1.95 6.01 -4.24 -0.14
2.49 -4.42 -7.2 8.14 -6.91 0.95 -1.97 -3.12 -9.03 4.87 9.02 0.63 6.61 5.89 -2.06 2.25 9.03 -9.08 -0.99 4.61 -2.26 -5.92 -7.18 0.1 5.04 9.35 7.67 1.33 9.16 -3.12 2.95 4.5 -3.44 -7.22 9.39
-4.18 6.95 -6.67 3.42 -5.27 5.17 -2.27 -8.21 -0.41 -7.07 -7.94 -1.16 0.77 -5.41 3.96 -1.64 3.71 -3.01 -6.2 6.59 3.88 6.76 -8.47 1.3 3.36 -5.49 -7.16 -9.07 2.48 -0.13 -8.7 -9.14 -0.56 -0.09
-4.68 7.52 -8.87 -1.66 -9.72 0.67 -1.05 3.05 -6.14 -7.35 -2.14 9.05 -5.73 5.64 -1.09 7.21 5.98 -3.52 -8.67 5.17 4.13 -1.54 -7.47 -8.44 -4.46 0.15 -3.85 8.1 8.89 9.42 9.32 -9.22 7.55
-4.82 -6.15 9.14 5.4 3.32 -9.61 -9.23 5.35 -9.01 9.03 -5.6 6.67 -2.47 8.05 9.49 -9.11 -4.45 1.59 1.67 -0.61 -7.69 5.82 0.72 1.67 -0.02 -6.21 -8.24 1.59 2.74 -8.3 7.49 -4.03
5.37 3.12 3.72 1.07 8.24 -5.12 -8.08 2.38 7.93 -8.26 0.84 8.12 -3.69 0.07 4.07 -3.66 -5.54 7.38 -7.9 -1.17 -5.72 2.72 2.6 -4.94 0.57 -3.89 0.89 -0.21 -1.46 -4.36 0.15
4.2 -3.38 -5.6 0.01 7.52 1.7 6.88 9.45 4.07 -3.07 -7.7 5.27 7.66 -5.62 4.8 -7.12 -8.49 -8.97 -0.39 -8.18 -8.6 2.95 -8.79 -9.31 3.29 9.72 -1.41 -3.62 9.22 6.76
-5.79 3.87 -0.63 4.97 1.65 8.95 -4.97 -5.99 -6.3 -7.3 2.15 6.26 4.42 1.66 9.38 5.07 -5.37 7.7 -1.26 -7.45 0.98 -3.78 0.57 8.03 6.55 1.64 6.54 6.72 8.13
-4.02 -6.74 8.91 -9.84 1.6 8.01 7.24 6.45 2.21 6.78 -0.43 -7.23 -8.6 -2.06 2.38 -8.4 -4.18 -4.32 7.82 -0.56 -8.62 -8.86 4.4 4.68 -6.75 5.85 0.55 -5.06
1.66 1.5 -2.39 7.15 9.04 -1.94 3.76 7.67 -6.68 -2.81 7.82 1.03 -9.78 9.71 -3.77 -2.47 7.29 -7.62 3.47 5.77 -8.38 8.57 -7.3 -4.26 -3.18 -4.6 7.82
-2.55 -1.35 9.47 1.69 -9.76 3.23 8.21 -6.87 3.66 -0.76 0.35 -2.32 8.39 5.44 7.36 -6.88 -1.18 4.96 -5.46 9.92 5.55 4.71 8.79 2.88 0.91 4.15
7.24 8.43 -1.55 -6.05 3.04 -8.14 -4.63 -4.26 8.56 -9.03 9.45 1.42 8.41 3.08 -3.81 -0.14 5.38 7.39 -0.86 -9.21 0.95 -4.4 -0.17 5.22 -9.35
-1.38 -4.41 5.98 5.72 1.23 4.15 -1.76 8.41 3.84 0.94 6.9 -7.49 0.73 7.92 -3.09 -7.85 1.19 2.2 -7.66 -4.68 3.81 1.46 4.05 5.62
4.48 8.14 5.18 4.63 1.22 -5.26 -9.19 1.9 -9.44 -1.07 8.63 5.58 4.36 5.68 -2.07 -6.8 -1.06 -2.34 7.48 -8.2 -8.55 -6.48 0.81
2.85 -3.25 4.64 -0.63 3.15 -8.48 -0.04 7.91 -0.27 3.79 -3.54 6.82 -4.17 -8.23 -7.05 0.34 0.74 6.39 6.41 4.91 4.64 3.32
-0.46 7.93 7.39 3.61 3.92 -1.13 -7.14 -7.05 -5.56 0.55 4.18 4.7 1.66 8.04 5.01 3.25 -6.31 -9.65 3.3 9.16 9.67
-5.24 -0.17 -0.27 9.18 6.41 -9.07 -2.32 8.56 -0.75 5.78 -1.07 5.44 -4.14 7.27 -0.52 -0.23 7.88 4.24 -7.89 -7.17
-5.46 -8.95 -4.4 -4.37 3.74 1.48 -9.68 4.65 -2.58 8.83 2.8 8.53 0.95 2.45 3.2 -5.95 -2.62 0.19 3.59
8.03 0.44 -4.89 6.83 8.0 -6.72 -3.23 -6.03 -1.88 5.87 4.43 -6.46 -0.76 6.65 8.71 -8.89 1.81 -0.22
-3.26 -2.56 -1.61 4.98 3.99 3.09 4.46 -6.91 -1.46 -8.09 -1.31 2.53 -0.07 -5.73 -2.6 -2.45 0.59
-6.98 -8.01 -8.79 -1.51 -8.21 2.93 6.5 -1.56 -3.71 4.67 -8.36 -0.47 -4.82 -1.69 3.24 7.58
-7.23 -5.47 7.77 1.85 3.98 -4.21 6.63 5.78 2.49 2.91 -4.43 -7.14 6.19 3.91 8.07
7.89 5.22 -1.3 9.92 9.73 -2.23 5.59 2.4 5.03 1.67 -7.02 -5.47 -5.0 -7.44
-9.44 -7.91 -8.95 -1.96 5.12 2.79 -7.64 0.84 -9.77 0.04 4.46 4.61 6.37
-0.39 3.16 2.68 -7.8 6.86 4.24 -3.47 9.31 -0.0 -6.23 -2.86 -8.23
-7.64 2.12 2.23 -8.53 6.6 -7.55 0.64 9.03 -9.07 -7.01 1.3
-2.43 -0.45 7.32 -1.62 -4.49 -1.83 1.72 5.89 3.71 -4.45
6.66 2.1 -1.17 0.84 7.19 -5.5 8.2 4.05 -4.99
4.32 8.64 7.15 4.08 2.23 -9.73 8.94 3.45
-0.11 2.59 6.81 6.15 -4.37 -8.8 8.31
-3.83 2.58 1.53 -2.63 -6.0 -8.23
-4.99 3.25 -6.99 -0.15 1.64
-5.37 -3.32 5.95 9.43
-8.08 -6.95 8.89
3.96 -4.39
-0.74
