25
4 4 4 4 4 4 4 4 4 4 4 4 4 4 4 4 4 4 4 4 4 4 4 4 4
0 3 1 8
1 8 10 17
2 14 12 13
3 8 17 20
4 6 13 10
5 12 15 6
6 13 4 8
7 16 11 8
8 22 16 17
9 17 0 19
10 9 12 1
11 23 7 16
12 5 19 0
13 8 17 14
14 8 4 0
15 13 10 12
16 15 3 6
17 23 22 19
18 9 4 22
19 7 9 17
20 2 13 14
21 3 5 2
22 24 6 15
23 24 13 7
24 20 22 17
-2.71 -0.34 8.31 4.08 7.49 1.97 -1.73 6.88 -1.78 0.5 -5.09 3.99 -8.46 6.68 -9.94 -8.26 5.04 1.16 5.04 -4.12 -0.47 0.21 1.73 1.36 -7.23
9.32 3.51 3.85 -4.0 7.17 -5.87 7.98 -4.81 6.77 1.18 4.8 5.0 -0.65 -1.82 -3.92 -6.48 -8.13 2.24 -4.37 2.12 -1.5 -1.69 -6.73 7.65
6.57 -6.41 8.71 9.47 -4.43 7.21 3.35 -1.35 1.4 1.25 2.99 -8.13 -2.88 9.74 -7.03 1.37 8.02 9.61 3.9 -9.88 5.63 4.41 3.46
4.67 4.12 7.27 -7.74 -2.85 -8.24 1.22 8.03 4.23 4.85 -8.17 2.43 7.38 -9.31 -9.91 5.44 1.45 -5.08 -3.01 -6.17 4.58 -5.8
-1.95 -1.57 -2.47 0.27 -2.73 -8.26 1.81 6.22 -1.62 -5.76 4.05 4.43 5.93 -0.08 -8.6 8.19 0.63 -8.05 -9.88 -6.76 2.99
8.96 -9.19 8.76 -2.51 0.26 -0.89 -9.54 2.6 3.78 -2.5 1.7 -6.36 -4.07 6.42 4.74 -2.79 5.59 4.36 -7.82 -6.05
1.95 -7.75 -6.61 5.69 2.55 1.33 3.36 -4.01 -8.43 3.52 1.39 -7.03 9.45 9.87 8.67 2.73 -3.33 0.87 7.08
-4.41 -9.77 -3.23 -1.56 1.35 7.59 1.83 6.53 -6.54 -5.41 -7.49 -9.95 0.54 -9.31 -7.77 -7.78 3.27 0.83
9.92 3.92 -6.92 8.69 5.52 9.61 8.39 -9.93 -2.52 3.65 -0.09 8.98 0.55 1.1 8.58 9.13 8.91
4.18 -3.44 1.47 -3.93 -1.99 6.48 -3.56 4.38 8.57 -6.11 8.64 0.09 -4.77 4.08 7.99 -5.98
7.84 0.6 -6.78 -0.96 6.53 3.2 -9.71 0.27 -7.82 3.63 -4.89 3.95 -1.87 -4.97 9.03
7.96 8.86 6.03 -1.47 -1.34 -0.91 -5.17 8.02 -0.44 -2.11 -9.66 3.02 -7.93 7.21
-3.12 -8.46 0.04 6.59 4.75 7.82 7.82 4.02 -9.49 -6.5 -1.15 -4.63 6.31
0.06 2.24 1.69 -3.38 5.75 0.54 9.73 -2.74 1.83 -5.81 8.79 -5.09
0.16 5.58 -0.29 -9.24 3.56 0.78 -1.29 5.55 -4.61 7.48 5.05
-6.52 3.47 -2.64 4.83 -6.01 0.43 4.86 -5.75 2.05 -5.38
1.52 -2.8 -6.51 -4.06 -3.05 5.04 8.88 4.2 1.12
3.51 -6.83 6.8 -7.13 -8.02 1.29 -6.17 8.73
-6.66 2.01 -3.28 8.44 -4.27 -5.36 4.16
2.37 3.97 -0.22 -3.22 5.86 3.7
-9.58 2.08 5.88 6.61 -6.11
-0.56 -2.76 -3.42 6.95
-2.75 -9.49 3.94
7.16 -0.46
7.94
