100
4 4 4 4 4 4 4 4 4 4 4 4 4 4 4 4 4 4 4 4 4 4 4 4 4 4 4 4 4 4 4 4 4 4 4 4 4 4 4 4 4 4 4 4 4 4 4 4 4 4 4 4 4 4 4 4 4 4 4 4 4 4 4 4 4 4 4 4 4 4 4 4 4 4 4 4 4 4 4 4 4 4 4 4 4 4 4 4 4 4 4 4 4 4 4 4 4 4 4 4
0 60 62 26
1 52 53 61
2 19 18 10
3 83 60 77
4 27 55 93
5 7 63 26
6 57 85 27
7 48 18 80
8 2 76 27
9 53 80 56
10 43 52 53
11 64 4 5
12 55 70 68
13 95 72 68
14 56 18 36
15 77 48 7
16 71 25 48
17 41 22 42
18 7 31 28
19 63 73 20
20 53 46 68
21 94 34 80
22 3 25 27
23 70 37 52
24 28 52 21
25 4 68 94
26 67 13 35
27 9 79 97
28 88 38 86
29 39 3 45
30 21 76 75
31 0 57 70
32 75 83 33
33 88 95 43
34 29 89 78
35 17 29 16
36 10 37 99
37 32 97 21
38 25 81 94
39 94 21 17
40 23 28 73
41 40 46 69
42 93 58 29
43 30 39 95
44 31 41 86
45 81 57 13
46 32 22 13
47 13 99 17
48 83 12 6
49 71 73 64
50 21 82 18
51 40 37 77
52 4 86 58
53 6 32 44
54 57 3 20
55 80 40 33
56 36 34 2
57 87 53 71
58 83 77 9
59 89 75 2
60 94 47 89
61 27 48 15
62 35 53 76
63 32 7 62
64 72 34 18
65 8 53 56
66 26 15 1
67 77 98 80
68 59 33 38
69 56 90 64
70 23 64 71
71 30 87 55
72 3 36 1
73 75 55 3
74 73 2 52
75 86 46 1
76 75 2 7
77 95 31 50
78 65 88 47
79 8 45 43
80 13 40 31
81 34 41 74
82 72 58 99
83 95 9 46
84 20 90 62
85 30 57 98
86 64 40 76
87 47 38 55
88 87 10 98
89 42 4 13
90 37 9 19
91 1 15 21
92 1 23 6
93 45 78 82
94 25 24 21
95 22 28 82
96 25 0 79
97 45 42 70
98 60 66 1
99 44 16 67
-6.72 -1.36 2.84 0.71 -9.86 4.8 8.78 5.65 8.78 -0.52 3.73 5.93 7.3 0.93 -4.53 2.76 1.08 -0.37 8.17 -9.18 1.99 -8.3 -6.43 -6.6 -8.52 3.7 8.11 -2.63 -8.01 -6.72 -9.74 4.2 3.44 8.89 2.41 -9.6 6.59 1.24 7.97 -3.15 -5.42 -0.13 5.54 4.34 4.16 4.65 -2.87 -5.28 7.94 -6.18 -4.6 -4.69 5.49 6.64 -4.1 0.26 3.19 0.85 7.68 5.68 -2.59 4.8 -4.12 6.19 -0.75 -8.96 -6.92 6.41 -6.97 8.74 0.52 6.7 4.84 8.77 6.48 -0.79 -2.42 -6.15 1.19 -6.88 1.33 -4.66 -7.66 7.92 9.68 0.3 5.21 -1.31 -0.33 -0.2 -4.57 2.7 -0.14 8.45 3.05 1.86 -2.21 -2.8 -4.67 5.37
-7.58 -5.11 8.43 -2.65 9.55 4.01 3.22 1.73 1.25 -6.8 -4.94 2.1 0.19 -4.85 -0.12 4.87 -0.85 7.66 4.28 -6.78 -1.37 -9.57 4.38 -0.68 7.53 5.91 -3.81 -6.0 -4.68 7.16 -4.63 -7.53 -8.22 -9.54 -3.07 -1.34 9.4 4.98 9.49 3.35 -0.94 7.9 -0.66 3.52 8.61 7.47 7.88 -1.78 9.32 -0.22 7.98 -9.08 -6.53 3.3 -7.59 5.8 7.38 6.99 8.7 6.54 9.74 -6.58 6.93 -5.37 5.75 -4.87 3.44 -5.14 3.36 -5.4 -0.66 -4.31 -2.91 -3.81 8.45 -7.32 -3.37 0.22 3.49 2.58 -9.71 7.57 9.83 2.87 -6.73 0.25 -7.64 -6.44 -1.9 4.74 6.53 -7.18 -9.35 -3.56 9.71 -8.12 -2.28 -9.84 -6.1
7.0 -1.83 6.85 -8.93 -5.58 2.45 3.43 6.97 -6.99 6.06 7.76 -6.89 -2.89 5.91 7.33 7.38 0.37 1.39 -3.04 -6.18 5.77 -5.58 -0.19 -5.87 2.31 -6.01 6.19 -8.54 -5.33 -4.97 -4.58 -8.49 6.57 -0.81 -0.73 8.94 9.1 8.31 -5.82 -3.19 1.49 -0.54 4.99 -8.83 5.12 -2.5 -0.08 -4.85 -5.98 -1.3 9.85 -5.23 -1.15 0.84 -3.12 -4.28 -2.08 -3.71 -0.2 -5.91 2.47 -6.8 -1.34 2.21 -8.98 5.14 -1.2 1.33 8.51 -4.62 -8.53 -6.44 -2.0 -8.84 9.86 4.28 1.45 0.78 -2.27 -8.26 -1.44 8.91 5.18 2.25 5.9 0.52 -3.76 3.72 3.51 2.94 6.73 -1.73 8.36 -7.43 -1.1 1.32 -8.5 9.09
-2.35 9.14 -3.25 0.84 -7.14 1.34 -6.64 -5.84 3.13 6.45 -2.88 -1.63 -2.4 -4.95 -1.75 -6.16 -5.73 -1.05 5.23 -2.96 -2.16 -7.69 5.28 -5.41 -1.18 4.8 3.65 -1.6 9.46 3.04 6.74 -3.97 0.54 0.64 3.82 7.31 -0.84 -3.04 8.47 5.4 -2.79 8.77 -2.47 -8.45 5.24 3.35 -3.51 -9.13 -6.47 -7.9 -3.27 -6.97 -5.99 6.58 7.15 -8.64 4.78 2.41 9.41 2.05 -8.8 1.99 -2.64 8.45 -6.83 -9.52 -6.83 3.09 1.77 7.13 -9.86 -4.55 3.81 -3.94 -7.64 -3.24 3.65 0.56 -6.01 0.23 1.71 1.89 -9.53 -8.06 -0.61 3.18 7.68 8.2 0.94 -6.28 -3.32 -7.69 6.57 3.04 -5.09 -0.52 -7.12
1.64 6.35 -0.49 0.85 1.66 -4.97 5.12 3.25 3.38 -5.0 4.54 -1.2 -9.11 8.86 3.71 8.73 2.41 -1.06 -0.92 9.15 -5.1 -4.46 8.53 3.24 2.59 9.9 -6.12 4.52 -7.27 0.31 5.46 -6.32 -0.52 3.82 -5.5 -4.56 4.84 -4.09 -9.54 5.15 7.88 4.41 -5.21 3.13 5.55 -4.38 2.72 9.65 0.42 5.06 -9.37 8.67 -0.5 8.07 -9.78 8.11 6.42 -9.51 -4.24 7.71 -3.36 -4.14 -6.7 7.39 5.92 2.43 6.6 -9.91 -1.66 3.67 -9.1 -6.81 -5.42 8.6 -7.1 5.14 3.58 4.36 7.54 -7.58 3.82 9.04 6.42 8.4 6.15 -7.78 5.8 1.58 -0.77 -5.31 7.25 -0.9 0.08 -8.64 5.5 6.24
-8.79 -5.05 -6.7 3.75 7.99 -4.36 3.02 6.54 8.54 -4.58 9.32 -5.87 0.33 0.47 -3.42 -5.68 -5.47 8.95 -9.48 9.68 -9.23 2.12 -6.53 -4.48 -0.97 -2.96 7.37 -5.91 8.55 9.57 -8.16 -6.18 0.12 -7.96 2.54 8.32 -7.62 9.38 -4.11 2.9 6.74 -6.23 8.87 -0.53 -6.66 -3.82 -2.91 4.55 -0.06 1.28 -6.4 -9.33 -0.71 -2.69 -8.56 9.11 7.21 -5.39 -3.01 7.55 -4.04 -5.86 -2.64 2.11 -9.97 -0.67 -2.94 -0.12 0.43 7.85 -3.66 5.07 -0.59 -6.21 -9.55 2.81 5.41 -5.22 5.79 -9.17 -5.96 -0.44 -6.82 -7.68 -5.84 2.53 3.34 -6.96 7.99 -9.69 -8.63 8.2 9.92 7.39 3.58
-2.48 3.73 -6.34 5.82 6.2 1.65 7.44 4.0 7.65 -7.06 -2.03 3.54 2.23 -4.39 0.69 -7.68 5.92 1.47 -3.95 -3.38 4.29 -0.42 4.31 8.96 6.39 -1.36 8.32 -2.11 6.59 4.96 -1.29 -0.18 8.21 -2.32 9.09 -4.21 3.1 1.76 -3.04 9.5 -8.86 -8.84 3.86 4.13 -0.69 -9.1 -6.21 6.06 0.48 3.94 -7.33 -2.23 -7.28 2.82 5.97 -5.67 -8.67 -3.59 -2.17 7.62 8.74 0.35 5.62 6.33 4.51 -9.09 1.79 0.75 2.91 5.23 -8.31 -3.7 -6.75 5.36 0.63 -4.82 -6.63 -0.14 7.76 7.25 -5.21 -7.25 1.06 2.14 5.2 -3.79 -1.35 -7.48 0.23 7.36 4.52 8.74 -0.18 0.63
-9.44 -6.93 -0.44 9.87 9.33 -7.15 -2.03 -9.09 9.66 -6.26 -4.64 -6.24 -1.28 -0.64 -4.79 5.82 -3.73 -1.61 2.99 -4.03 8.58 5.28 1.55 3.15 1.44 -3.63 2.69 3.3 -3.15 -8.62 9.81 8.51 -7.9 7.43 2.86 5.82 -7.89 0.99 -4.84 -5.99 -5.35 -9.44 -9.54 1.08 -4.57 3.54 7.98 -0.21 3.09 8.07 -3.46 -3.84 5.5 -7.47 -7.52 9.16 -2.56 -4.51 -7.32 4.5 7.4 7.37 4.59 -7.79 4.32 -5.26 1.7 -7.19 3.02 7.78 5.33 -2.82 6.06 8.93 6.43 -3.44 -1.52 3.25 -1.89 -6.81 -7.63 3.95 -4.08 5.75 -8.63 -3.38 -0.49 -7.47 0.5 7.05 -8.25 7.06 -9.63
3.21 -5.55 -5.93 0.68 8.58 1.7 -7.91 -5.05 6.97 -6.19 4.92 5.2 -0.57 0.8 -3.68 -7.1 -0.77 -2.78 -5.63 2.08 2.53 2.75 9.39 -4.22 2.19 -1.73 -8.45 7.89 3.61 1.66 -8.08 7.76 6.77 5.12 4.99 0.51 7.26 -2.46 -5.87 3.51 5.44 1.19 5.54 -5.65 -4.52 0.26 1.13 -7.01 0.87 6.04 0.29 9.93 4.47 -9.84 -0.58 0.71 -0.51 -9.63 -3.89 -1.11 1.02 -6.7 9.38 2.88 9.8 6.93 6.08 8.26 6.28 -5.5 -7.35 -7.35 -6.12 6.98 -6.85 2.14 5.07 -8.96 9.52 6.78 -2.59 9.53 -7.01 8.37 9.1 -9.85 6.32 -0.41 9.57 -3.5 -5.53 -9.93
0.13 8.02 1.15 -5.81 1.61 5.75 -9.03 0.89 3.95 -6.38 4.57 4.94 1.03 -4.57 2.23 1.43 3.96 -4.78 3.05 -3.81 5.27 2.16 1.57 -6.9 8.58 0.36 -5.21 0.27 -0.49 0.63 -3.17 -8.56 -1.07 -7.27 -6.84 -8.29 2.98 9.24 1.97 -6.38 5.22 -6.81 2.53 9.15 -5.66 7.12 7.68 -6.33 -4.46 3.93 -1.85 -2.08 -4.1 -1.51 -6.88 -6.46 4.81 2.41 7.41 3.99 -0.69 8.36 9.18 6.55 5.43 -9.65 -3.19 -9.33 -7.83 9.04 -7.04 -1.56 8.72 8.75 -4.7 5.84 -5.07 3.4 -5.96 1.77 -9.07 -9.37 -0.49 -2.89 2.95 0.99 -0.38 8.22 -0.05 4.43 -8.2
5.1 -0.31 -6.51 -9.57 -1.94 -1.53 2.53 8.58 -6.78 -2.01 8.23 -5.14 -0.46 6.88 -4.44 7.77 9.66 -1.7 3.12 1.52 -0.65 -7.84 -0.71 5.47 -0.6 5.42 9.11 -6.68 4.65 8.11 7.7 7.37 -2.76 1.14 -8.59 -2.98 -9.6 9.01 -3.8 0.66 -0.3 -3.89 -9.04 -4.99 -4.63 -3.44 -3.62 8.38 4.45 -7.36 -7.17 -7.49 2.13 -6.89 -0.33 0.91 3.81 -4.17 -5.21 3.7 -4.4 1.26 -6.25 -9.24 2.86 9.67 9.61 -7.31 8.71 0.9 -8.97 -3.55 8.58 -7.37 3.29 5.75 6.07 -3.07 2.03 7.16 -3.44 -1.8 1.0 -0.1 -5.26 4.67 -8.73 -8.76 -4.85 -3.24
-8.31 4.07 5.98 3.13 -4.97 0.59 7.53 0.01 -4.09 2.81 2.54 -8.82 -8.55 -8.37 -3.24 0.69 4.42 5.02 1.64 4.47 8.8 -9.04 -4.92 -7.34 5.52 -9.95 6.55 7.85 2.76 -2.22 -7.03 5.36 6.16 4.59 4.96 1.35 1.66 7.72 -4.45 3.49 -3.87 -9.19 5.84 5.96 -5.48 5.13 2.09 0.37 -6.96 -7.93 7.08 5.97 1.2 1.34 -2.59 5.41 -7.94 4.17 2.14 -8.26 2.9 7.97 6.87 3.78 -4.66 -6.26 2.79 6.37 -4.17 5.3 4.28 -3.4 4.33 -0.64 -1.96 6.73 -4.78 8.65 -3.6 1.46 5.09 4.52 5.51 -0.83 6.7 -6.51 6.28 -0.87 8.63
0.43 -0.87 -4.57 -0.51 -1.22 -5.69 -9.21 -3.53 5.65 8.32 -6.14 -7.69 -1.33 -6.4 7.34 -4.69 4.87 -3.11 7.03 4.8 2.43 -4.93 3.45 9.98 1.2 2.62 7.41 -2.28 9.77 6.89 -1.66 -9.28 -5.05 4.77 -0.9 -9.49 -3.26 -8.89 -4.94 -3.45 -7.57 3.14 -3.31 8.58 -3.67 -8.96 7.09 4.46 -1.13 -9.9 6.3 -0.09 4.53 -9.55 -2.63 -5.28 -3.03 6.61 -6.81 -6.35 2.78 0.39 -9.02 5.38 -7.33 -2.62 -8.34 -9.55 -1.05 5.16 5.7 2.86 3.95 -2.59 8.39 -8.42 -7.19 4.47 7.13 6.31 -9.15 2.0 3.29 4.18 5.43 -9.35 1.01 9.08
3.68 -7.17 9.4 -2.7 8.58 -7.39 -2.42 6.69 7.39 6.09 0.68 -3.25 0.01 1.73 -0.9 2.1 0.57 -2.36 -4.61 4.55 -7.34 8.72 1.06 3.09 -4.35 -8.72 -8.2 -0.07 0.76 -3.71 -0.57 -4.54 0.13 0.39 -4.15 -4.2 -6.77 7.07 2.44 9.28 -9.5 5.22 3.4 7.21 1.85 3.72 -9.04 6.88 -0.06 6.05 9.08 -9.01 4.91 -4.87 -2.14 4.92 -4.06 -4.86 8.2 5.47 -8.02 6.73 0.72 5.33 -5.18 -3.07 2.75 -9.6 7.33 -8.75 0.51 -6.23 -1.11 -0.22 6.36 4.38 6.26 2.71 -3.36 9.2 -1.76 -5.0 6.65 5.43 0.03 6.84 2.23
-7.0 4.72 -4.35 3.81 0.61 -5.88 -7.25 3.13 5.57 -7.95 -0.14 1.92 -0.3 8.96 -9.11 1.53 8.36 5.58 -2.16 7.05 -8.71 -6.6 -1.92 -2.16 -9.86 4.7 3.17 4.59 -0.41 1.67 2.35 -5.36 6.58 -5.23 8.28 -5.86 8.79 6.55 -7.07 -7.7 1.34 -9.09 7.54 -2.21 0.94 3.26 8.55 -2.72 -3.18 2.73 9.57 -3.7 -5.21 0.17 2.52 -6.84 -1.28 -4.71 -8.22 -2.25 -6.91 -8.05 7.23 -2.75 7.83 -9.03 4.4 -8.64 5.74 9.47 0.09 0.14 3.76 7.32 1.62 1.33 -4.81 4.69 -4.82 -8.07 -3.36 9.17 -7.58 -1.59 2.68 5.56
7.37 5.55 5.11 -0.78 -3.87 -1.82 -9.23 1.8 -9.23 9.75 -8.76 -2.22 0.47 -6.31 2.77 -6.19 0.19 -2.63 -0.31 -6.27 -2.43 -3.29 -8.73 -6.04 7.39 5.77 0.48 4.08 -4.09 -0.91 3.25 -7.53 1.93 -9.21 3.77 -2.06 2.95 -8.77 2.68 -9.26 -3.04 6.36 7.68 7.35 -5.73 -9.74 2.93 5.98 -7.22 -4.26 -9.99 -7.86 3.39 -5.08 -3.94 -0.6 5.0 -8.87 -4.22 5.25 -1.29 -8.73 -6.61 1.43 -5.19 -9.23 -7.9 -3.42 0.49 4.21 -6.17 -6.43 8.96 -1.28 -2.7 1.08 7.77 -8.18 -9.89 0.06 6.1 -4.05 -5.65 4.73 -0.05
-1.08 2.82 8.02 -4.75 -3.43 -4.56 3.78 7.64 -3.83 -0.28 -8.3 2.26 -6.57 1.13 2.67 -9.4 -9.21 4.85 8.44 2.44 7.28 3.74 7.61 -9.08 2.98 -1.17 -0.59 9.41 -8.15 8.07 -7.08 0.79 7.83 -6.32 -0.42 -4.9 -4.04 -3.3 -0.54 0.09 5.03 -4.23 2.33 2.12 1.45 2.23 -6.34 5.41 6.86 -7.28 5.11 1.59 -6.88 2.46 1.97 2.56 4.27 1.46 0.6 4.61 0.54 9.98 -1.15 -2.01 1.91 8.28 2.4 -8.76 1.24 -0.84 6.24 -1.06 -9.29 -9.22 -5.46 4.38 8.48 5.39 3.2 4.59 0.39 3.2 8.85 -7.0
-2.24 8.64 -8.58 -5.68 -1.48 3.1 1.55 9.88 8.99 6.14 -5.72 -4.65 7.34 1.48 4.9 2.23 2.8 7.31 -4.48 -8.29 -9.44 1.14 -7.0 -0.45 5.55 -9.27 -2.31 1.1 2.73 -1.45 6.97 8.29 -4.24 -8.62 -2.35 -9.32 -6.91 -2.65 -9.71 5.59 -0.76 -3.79 -0.58 -6.14 2.5 -6.45 1.4 2.48 -6.77 -8.91 1.42 -7.87 -4.8 6.73 4.66 -0.71 -6.45 -5.88 1.27 7.8 4.92 -4.53 9.61 -0.48 -8.14 1.77 -4.39 -9.98 5.05 8.96 -4.65 -3.48 -6.81 -5.81 -4.05 4.25 -7.91 -6.35 -5.76 -4.43 6.4 -7.21 0.65
9.14 -2.04 -5.01 -4.89 -3.32 -7.81 8.08 7.92 7.36 3.69 -4.6 -8.28 7.66 5.86 -0.77 1.93 0.13 -8.66 0.64 5.57 8.98 -2.71 6.83 -4.79 1.6 -8.9 9.33 -2.28 4.14 6.59 9.35 2.12 6.29 7.82 0.51 -3.51 7.81 4.9 7.2 -4.58 6.02 -0.55 -9.91 -0.14 -4.0 7.56 -9.91 -9.66 3.37 3.71 -0.62 -3.93 4.68 5.82 -4.95 7.87 -8.01 -5.79 -8.42 -3.99 9.95 -6.37 -1.7 4.86 5.32 -7.2 5.39 -1.61 7.74 0.84 -1.24 -4.69 -10.0 8.36 8.51 4.93 1.41 -5.12 -3.86 3.52 -4.29 -1.48
-4.18 -8.21 -5.22 -5.25 -9.97 8.67 0.89 -7.71 3.97 7.91 6.27 2.93 1.51 -5.43 2.63 4.85 4.6 -0.96 8.74 4.91 5.85 -2.08 -0.2 -4.81 -1.11 -1.94 1.22 9.11 -9.42 -7.85 3.51 0.45 8.31 3.22 -1.68 -1.99 -7.75 0.94 -1.52 -0.05 6.17 -5.59 7.36 1.98 -9.36 -4.07 6.03 5.28 0.04 6.8 4.63 2.34 7.37 -0.17 -0.41 -3.7 8.87 8.76 7.47 -3.96 9.86 3.89 4.0 -4.74 -4.11 1.91 3.76 4.42 1.47 7.03 3.83 -1.51 3.2 6.73 2.21 -4.03 2.78 8.28 -4.7 -1.33 8.27
7.22 6.99 2.86 2.42 -5.68 -1.68 -2.7 9.52 -4.72 5.86 -3.56 7.41 -3.04 5.8 4.95 -9.72 -2.62 -1.84 -9.13 3.85 9.53 0.97 -4.47 -2.25 0.42 -9.7 8.3 -0.46 -6.65 0.93 -8.81 -3.16 5.93 -8.9 9.77 6.17 0.9 3.97 -1.32 -5.82 -7.81 -9.02 -5.52 -5.88 -0.29 7.23 -8.23 6.74 2.51 -8.85 9.58 0.86 -8.16 -8.99 -1.77 -0.98 -2.41 -0.31 4.7 2.41 1.15 -0.27 -0.3 2.94 1.25 -5.53 -2.41 -5.03 -8.75 -8.92 6.92 -9.37 3.17 -6.63 -5.87 -8.52 -9.77 -9.26 0.76 3.12
8.57 -6.02 -9.58 -0.36 2.72 -5.63 -4.98 -7.07 2.16 7.86 -1.58 -0.36 7.09 2.22 -4.45 -4.17 -7.13 1.64 8.54 -9.0 8.64 -5.42 1.01 -8.71 9.71 9.74 -1.59 -8.27 6.02 9.77 6.48 -3.68 0.47 3.45 0.24 0.3 -1.27 -4.11 -5.26 3.27 -6.77 -4.37 -7.05 -7.37 -1.05 -7.68 -0.43 -0.98 0.87 3.82 -3.6 -0.33 -0.6 9.18 5.93 -5.68 -8.27 6.14 -9.77 -9.08 -7.13 8.81 -3.7 -6.8 -6.03 8.28 0.83 -1.46 0.98 -1.11 -2.91 -4.91 -4.4 4.3 8.36 -1.13 -2.14 -3.01 -2.01
-4.35 -6.66 4.25 4.62 -9.43 8.56 0.61 -0.55 9.77 -6.14 -2.37 -3.14 0.22 -0.27 -0.41 -0.54 -4.93 -7.35 -9.89 -2.18 3.09 -9.53 -9.81 7.62 -2.22 1.73 -3.32 0.99 -3.83 -7.57 5.14 4.88 8.5 -4.19 0.9 -5.28 -1.61 -9.22 -7.0 -1.75 -4.78 6.95 4.38 -2.78 3.78 0.27 -4.95 -1.14 -0.57 6.99 -8.12 -5.69 7.51 3.89 2.79 -7.97 8.83 8.47 -8.45 -7.13 -7.18 4.27 -2.51 7.37 -3.36 3.13 -5.57 -9.87 -4.32 7.68 -5.51 1.45 2.42 5.56 -9.45 -0.79 4.05 -6.73
5.55 2.15 -8.6 9.55 -9.66 -1.08 -9.74 -0.47 -7.57 1.18 3.5 -5.65 -0.85 -5.72 -8.07 0.34 -3.77 -6.58 6.87 -7.83 4.41 -1.97 4.7 1.58 -3.77 -1.96 -4.79 6.64 -0.31 -0.16 7.42 6.16 -8.51 6.12 8.34 6.47 9.8 -2.83 -3.28 8.37 -8.06 -0.23 2.51 -0.71 -8.8 -6.49 -5.45 4.79 -5.53 -0.38 -4.85 -9.31 -6.93 4.78 -9.5 -9.51 -2.26 -8.36 -5.93 2.72 5.48 -4.62 5.64 -6.27 0.26 -4.9 3.06 -9.54 -2.43 3.2 9.7 -1.58 -2.43 -5.2 -2.25 2.22 7.02
-3.33 0.08 2.65 0.45 9.8 5.03 -9.78 -8.92 -2.76 -7.39 5.37 5.93 5.94 -6.83 6.64 7.15 8.86 -7.48 7.46 0.92 0.56 4.5 7.14 3.76 -8.51 3.26 -2.18 9.12 6.36 -1.8 4.87 4.47 1.29 -4.07 4.14 -4.76 -3.45 -0.61 -4.78 -7.74 9.89 7.77 -5.68 -5.86 -2.93 9.1 2.88 1.43 -9.78 6.25 6.29 0.8 4.24 -7.15 7.85 -2.8 -3.13 -1.87 0.44 -6.02 6.59 3.26 -0.19 6.86 4.83 3.49 6.62 -6.6 -9.22 -7.67 -1.37 6.18 -9.01 2.83 -3.15 4.19
-7.9 3.49 -8.64 -5.73 -0.72 7.93 1.3 -2.87 2.65 -1.53 7.52 -4.18 -4.08 3.25 8.46 -8.43 6.28 -7.62 0.57 -7.75 3.8 3.8 9.88 3.19 -5.07 -2.08 2.92 4.93 -1.83 -2.65 -9.17 9.94 7.0 -7.4 8.27 -7.37 -9.23 -1.03 -5.42 -3.23 4.16 2.75 1.81 -3.07 -7.64 3.59 1.31 6.03 -7.2 2.4 1.59 6.94 -0.42 3.64 -3.18 8.8 -9.11 -5.58 7.78 -9.96 -6.96 -7.0 -6.68 4.79 -2.14 7.63 -5.25 6.32 6.52 -9.79 7.49 5.34 8.81 -4.08 -0.78
8.25 9.28 -8.92 -0.51 -7.19 3.47 -1.19 3.66 0.63 1.72 -5.39 -1.5 8.11 -9.42 -7.21 7.02 3.12 4.17 8.31 2.59 9.32 2.89 3.35 4.37 0.34 5.79 5.07 1.31 8.81 9.18 -5.43 -0.46 -7.78 -9.63 7.81 -8.83 7.1 1.66 8.5 -5.51 7.94 -4.31 -3.69 -4.77 -5.37 9.52 -1.95 5.09 9.21 4.67 -3.89 -7.26 -2.32 7.73 9.55 8.76 1.9 3.84 -4.56 -4.98 -1.34 5.19 -5.1 -4.8 3.85 -8.77 1.46 -2.7 -4.12 8.71 6.39 -4.64 4.68 8.29
4.09 -7.52 7.49 3.17 -3.09 5.06 -1.15 -1.22 -5.93 8.74 6.41 8.89 -2.49 -4.24 -3.63 7.23 7.03 1.99 -6.8 -8.71 -8.97 -5.66 5.42 -9.86 7.78 2.29 1.8 3.93 -1.38 3.42 0.8 9.55 -9.76 8.22 -9.76 9.37 -8.28 8.38 -3.49 -4.95 9.84 0.42 7.53 -6.53 -7.02 6.21 0.1 -9.73 7.13 8.59 0.66 4.24 -2.12 7.22 3.05 -7.79 -4.81 -1.51 3.79 1.93 -2.95 4.55 2.59 -6.6 4.62 -6.61 7.47 9.79 -2.94 -8.22 2.36 -8.3 7.34
-3.35 -4.37 3.94 -2.44 3.79 -5.96 -2.02 8.72 -4.5 7.75 -9.25 5.99 -2.57 2.76 1.82 -1.99 -4.66 -1.13 9.11 -6.31 -8.68 -9.46 -3.73 9.56 5.6 1.63 -1.23 -4.78 7.47 -2.48 8.15 3.08 5.86 4.41 5.61 3.5 1.0 -5.5 3.84 -4.27 2.02 -1.57 7.76 -9.22 -8.12 -8.91 -1.96 0.53 0.15 4.37 -6.01 7.91 -3.83 0.01 -4.3 -8.27 3.42 7.28 6.89 4.6 1.42 2.28 -8.1 8.04 -9.3 -2.06 -2.93 1.78 -4.44 -0.9 -9.41 0.93
8.0 -8.72 3.61 -5.99 5.46 5.52 -5.55 -2.51 -6.37 -3.73 -7.84 6.7 -9.83 -7.35 4.98 5.8 -0.1 3.67 2.31 -6.75 3.75 -9.86 -4.93 2.37 -6.4 0.76 -6.98 3.26 9.65 -9.25 5.16 -8.8 -2.67 -6.28 -4.93 -0.28 7.91 2.6 -6.28 -3.08 -8.08 4.4 2.0 0.2 0.61 -5.15 7.1 3.48 0.51 6.56 2.57 4.95 4.16 9.93 7.69 3.49 -5.75 6.22 1.14 6.31 -3.47 -8.57 -7.61 9.0 -8.96 -6.14 -4.68 3.02 -2.55 -1.92 -6.15
6.77 -8.87 3.46 -3.11 -1.47 -4.7 -1.82 -6.9 -3.0 -2.35 -7.64 -7.52 9.12 0.31 0.42 -3.43 -5.66 -9.25 6.02 -9.3 -1.6 1.19 4.68 -9.64 -6.65 -5.75 7.95 3.28 -9.76 -2.94 -6.53 -9.57 0.94 2.48 5.2 9.2 4.33 4.05 -2.66 -0.35 3.85 -9.55 6.59 -9.52 5.64 -9.47 -1.2 1.99 -1.9 5.95 -0.28 -5.24 8.01 1.9 1.77 2.91 -9.78 -0.19 -0.75 6.64 1.89 -3.56 -0.14 9.79 -8.26 -8.94 3.41 -2.32 -5.28 -3.55
4.85 -6.69 3.97 -9.51 -4.31 3.51 4.24 1.89 -0.83 7.28 -2.87 5.98 -8.95 6.57 -2.23 -0.3 3.71 5.4 3.2 -5.75 0.71 -8.43 -5.83 -8.36 -2.3 -9.67 2.75 -6.64 6.27 -3.7 8.66 5.21 -3.09 -1.18 9.13 2.52 -5.77 4.76 -8.66 3.83 4.6 -2.75 -1.58 6.96 -3.66 5.27 9.13 -0.33 3.99 -4.06 1.43 6.68 3.68 9.49 -6.44 8.94 -6.11 -6.68 2.05 8.45 -6.2 -5.34 5.04 9.86 -4.31 -0.63 1.74 -5.23 -1.99
1.12 2.29 3.91 3.58 -7.47 5.24 -1.38 -7.46 7.57 1.64 -3.71 -5.24 4.46 -1.58 5.55 -4.41 5.45 9.47 4.05 -9.67 3.08 -4.72 6.2 9.31 9.22 3.1 3.74 -0.99 -6.41 4.29 -9.25 5.69 5.82 0.24 -1.42 5.02 3.11 8.26 -3.79 -2.75 8.17 -0.94 2.31 0.16 6.23 -8.33 -3.82 9.09 0.93 -8.24 -5.85 -9.44 -9.57 -0.3 -0.96 6.36 5.47 -4.11 9.97 -3.49 -9.4 8.54 -2.73 -3.04 8.21 -5.2 2.21 -7.81
5.35 9.88 4.09 -8.82 -8.82 2.27 -1.81 -9.64 5.66 -3.35 -8.19 -1.05 -7.84 -2.86 9.15 -8.64 -9.53 1.75 -6.33 9.6 -9.45 7.76 5.58 4.06 3.3 1.0 -8.25 -3.91 -5.72 -1.96 -8.1 -4.72 5.32 -9.07 -6.78 -9.88 3.98 8.69 -8.86 -6.29 7.14 9.51 -4.78 -0.6 3.29 -8.77 9.58 5.24 -5.24 -8.47 4.05 9.99 -4.33 4.31 5.34 -8.88 7.03 7.5 9.68 4.74 -0.92 -8.28 -6.8 -2.65 3.29 1.49 -8.08
-3.45 6.63 6.75 7.26 -6.31 6.14 -8.57 2.96 7.13 -2.16 -9.95 7.44 2.01 -9.16 -8.49 5.77 -6.35 -9.18 7.41 3.61 6.42 9.35 -1.56 -6.8 -1.28 7.64 8.92 -1.15 8.1 0.43 6.46 -0.58 1.63 0.93 -5.06 7.98 9.61 -2.92 7.96 2.59 -6.94 -1.77 -1.62 7.69 2.53 3.5 5.07 -3.37 -4.83 3.22 3.45 4.97 0.83 3.53 -1.79 -1.81 -8.12 -1.21 1.91 0.79 -7.38 -4.5 5.17 8.2 -9.2 0.82
-0.81 1.71 -0.97 -3.51 6.04 7.12 -0.32 -5.67 -8.49 -6.69 -8.51 1.67 -4.77 0.24 0.79 2.8 5.11 -6.98 -4.98 -3.99 -5.08 9.0 -8.66 2.4 8.43 2.43 9.26 1.48 -9.64 -0.8 -8.5 -6.61 5.37 -5.0 6.62 6.14 -7.63 3.25 -9.21 -7.43 0.5 0.37 -7.22 -3.52 -4.45 -6.92 -3.78 -9.05 4.42 8.9 1.83 -9.97 4.47 3.59 9.03 -5.15 5.01 -4.39 -5.94 -4.9 -7.77 -2.64 -8.68 -1.45 -3.64
-1.97 -4.15 -5.78 -8.07 7.65 3.42 1.86 -0.46 -2.72 9.0 3.72 7.84 -5.76 4.83 -6.04 -1.22 3.83 2.33 -7.61 -0.52 -3.9 8.22 -3.41 -4.86 7.81 -6.23 3.65 -2.86 7.53 -3.22 -2.42 -5.71 -7.63 2.24 -4.43 -8.34 -3.26 -1.01 -9.5 -7.21 8.35 -8.06 -4.33 8.28 2.8 5.19 -0.56 -2.5 -0.05 -1.23 -4.08 -4.58 -1.39 -5.53 -0.82 8.69 7.06 1.46 -0.67 -2.45 4.83 5.15 7.87 5.65
-7.57 6.92 8.79 0.27 -3.9 2.0 1.61 -5.02 2.67 5.71 5.6 1.23 8.28 -5.43 6.81 1.96 3.53 8.74 5.9 -8.4 -8.13 -9.52 7.06 -3.21 -6.62 -9.85 -7.88 7.29 3.79 -5.56 1.11 0.37 7.81 -6.36 -6.54 -8.38 -2.15 -4.8 -8.79 7.63 7.79 -0.89 6.97 3.95 0.53 0.76 -6.81 -5.7 -0.56 0.62 5.42 5.8 4.71 0.44 -3.94 4.18 5.75 6.1 -1.6 8.18 -1.16 9.07 6.36
-6.71 -9.43 6.43 -5.11 -5.28 -5.95 -3.73 5.43 6.59 8.2 -5.26 -0.15 5.34 -6.42 -3.06 -7.14 -4.37 8.21 -7.47 -7.27 9.12 -8.27 0.74 6.54 -4.75 -7.21 4.55 5.71 3.71 -4.0 8.57 -9.03 -4.6 4.75 -0.57 5.15 -3.32 -9.78 9.05 -3.82 1.17 9.99 9.23 -7.55 -5.86 -6.45 -7.58 4.29 -7.43 -8.63 -5.11 8.62 7.37 -4.13 3.46 2.24 -6.51 -5.35 -1.45 -2.97 6.31 9.34
-9.45 2.43 2.88 8.2 -2.16 -0.94 -4.83 9.08 -0.59 2.03 1.44 7.19 -0.46 5.37 4.03 -8.6 -9.24 8.87 -6.17 -2.63 -5.31 -1.96 -1.5 9.44 -3.87 3.64 -2.93 9.96 0.33 -3.12 -5.78 -1.12 -7.96 -4.77 -0.99 6.38 1.54 4.07 -5.87 -8.99 -5.43 -5.84 0.32 2.88 3.55 -9.51 4.59 4.86 -5.79 -6.71 3.69 -6.69 8.11 -2.15 -5.11 8.36 -1.07 5.57 -1.43 -0.95 6.22
-3.65 -7.23 -3.56 8.73 -6.85 -1.69 3.0 -7.18 4.22 -5.69 -7.97 -1.9 -1.04 1.53 -1.4 -6.76 -3.25 -7.46 -3.13 1.22 6.81 -0.44 8.06 -3.03 1.51 3.68 -3.57 0.78 0.79 -9.75 1.49 3.84 -8.55 5.99 -6.01 -5.99 6.45 7.69 -6.35 -0.59 -8.02 -9.75 3.86 -9.72 -7.29 2.66 -5.09 -8.61 7.62 -6.81 5.86 4.02 -0.6 4.79 3.27 3.31 7.4 4.54 4.25 8.82
-2.73 -2.19 4.04 -6.72 -4.97 -1.92 -4.56 -6.34 3.12 -2.25 -9.42 -1.0 3.43 -1.48 6.21 6.68 -5.87 -5.69 4.02 3.11 -9.04 5.88 -8.88 5.02 -1.12 8.32 9.03 -7.48 -8.03 9.88 9.88 -9.89 4.36 9.1 5.62 -5.38 0.1 7.31 -4.18 -9.49 -9.38 -1.3 -1.4 -8.35 -3.59 -6.68 6.99 -3.56 5.38 -3.17 8.95 -4.72 2.1 -6.87 -4.91 2.75 5.55 3.4 -9.8
-7.25 8.84 3.95 5.51 -5.98 1.07 -1.95 -2.07 9.61 6.25 -0.39 9.18 1.17 9.33 5.89 -3.79 -5.21 -9.06 -7.77 -3.25 -8.82 8.06 6.53 -8.2 8.06 6.1 -4.55 -7.2 4.86 -7.31 -2.63 -2.43 -2.42 -8.92 1.78 2.1 -9.58 5.5 4.29 1.66 -1.68 -7.39 6.32 1.15 -1.36 -1.69 0.82 -7.14 -2.7 -3.37 -4.18 0.01 -1.76 -2.43 5.37 -2.69 -2.2 -8.18
0.55 -7.31 -9.88 -6.15 -1.59 1.49 -2.46 0.4 3.88 -7.16 6.57 0.47 3.29 -7.7 -7.34 -7.71 3.36 2.79 -2.33 5.05 -5.8 3.17 -8.49 -5.12 6.75 -0.84 -1.57 -6.74 1.55 -5.55 8.86 -4.65 -2.65 3.38 -1.25 -4.44 5.79 5.61 9.15 5.55 6.68 2.13 7.5 -8.55 -1.19 -5.69 7.45 5.21 0.61 -5.58 -4.86 -1.05 2.39 -5.59 5.26 -6.22 2.48
6.52 9.88 8.21 -7.15 -1.95 5.21 -9.77 -7.51 1.43 7.76 -1.99 -5.68 6.33 9.72 0.48 0.93 -2.09 -3.33 9.72 -9.64 6.39 -7.56 9.0 4.63 6.28 4.31 -6.96 -7.45 7.9 -2.0 6.03 -6.74 3.26 9.81 -0.03 -5.65 -3.91 8.83 -6.31 8.94 0.4 5.6 -8.72 8.16 1.93 -8.93 0.71 -4.82 9.23 6.29 -1.0 -9.93 3.06 0.1 0.52 0.96
0.45 -6.68 9.19 8.25 5.59 8.84 1.68 -8.98 -9.56 7.12 1.61 -3.5 7.2 -6.08 7.1 -8.36 5.11 2.05 -7.78 2.44 -2.74 3.53 -0.84 6.98 0.57 0.1 0.24 2.44 -3.34 6.89 9.04 -3.01 4.34 -9.88 -7.74 8.18 -5.12 -4.25 0.69 -9.68 -9.21 6.03 -5.32 2.62 9.89 1.85 -5.89 0.27 -0.27 0.22 -0.29 9.75 -1.43 -3.77 7.15
-7.97 9.73 2.94 -6.15 1.06 1.06 -6.63 -4.4 5.32 5.33 2.49 7.63 -0.28 -2.91 7.99 -6.78 0.18 0.01 -0.66 -6.27 -7.52 2.76 -1.75 9.08 0.02 7.07 -9.38 9.44 -6.77 1.54 3.12 -1.98 -3.49 7.71 2.23 -2.43 3.86 6.57 -7.66 3.51 -1.18 2.02 -4.26 -6.72 -7.92 -4.67 -2.57 -9.14 -0.36 6.08 0.33 9.63 -1.9 0.49
5.24 7.14 1.14 -2.04 9.01 4.49 1.95 -1.59 7.95 -8.71 -9.89 -5.16 6.58 6.31 3.32 -8.15 -5.4 -8.86 1.6 1.92 -7.06 3.49 -1.7 6.83 -9.91 -6.73 6.14 -4.77 0.36 0.55 6.07 1.61 -1.35 -2.25 9.03 6.88 -0.63 2.42 7.97 3.48 -8.91 7.15 -0.3 9.77 -5.64 8.48 6.54 -1.69 0.13 1.11 -3.58 5.22 6.04
3.34 -0.85 2.15 -9.2 -5.12 2.35 -1.56 -9.8 2.67 -3.53 -3.62 -7.55 0.21 3.48 -7.72 -9.97 9.5 7.18 0.41 -5.86 1.4 4.18 7.63 8.82 -7.16 3.86 5.08 -9.09 -2.78 -1.27 4.16 3.5 3.94 -2.8 -6.73 -3.28 -2.72 -7.01 7.58 0.88 -4.81 2.71 0.77 -5.54 -1.84 9.02 -5.26 7.94 -6.8 4.95 8.97 -5.74
3.95 -4.54 6.52 4.75 2.72 6.5 -2.37 8.14 4.46 -1.71 -4.05 -0.66 7.21 -8.32 -0.1 -2.17 1.54 5.15 7.19 3.95 -7.07 -9.19 7.38 2.07 1.13 -7.72 -6.85 9.22 4.13 6.39 5.47 5.89 -2.26 6.93 2.6 -9.32 6.03 8.55 3.24 -6.2 4.86 -0.38 1.55 -7.84 4.11 4.44 5.44 -0.89 -2.5 5.14 2.47
7.31 0.39 7.46 -8.0 -0.13 6.79 6.29 5.55 -9.0 7.86 4.53 -2.21 1.46 -3.78 6.6 -9.01 -4.93 5.61 0.67 6.11 -4.03 0.24 -2.11 -4.51 -4.96 7.14 -9.84 -0.81 3.48 8.71 4.25 5.5 3.69 -6.91 -2.45 9.23 3.97 -6.71 9.21 9.44 -9.08 -6.05 3.45 7.98 8.41 3.41 8.42 -1.06 -3.47 -6.51
0.41 -9.1 -7.42 -5.29 -4.46 8.9 -9.04 9.25 0.74 9.12 -2.49 -3.04 4.57 6.59 -0.1 2.8 -5.2 7.5 8.29 -1.87 9.79 9.39 1.2 6.99 1.81 4.28 -1.23 8.91 -0.89 -4.55 -9.57 -0.62 0.19 -3.06 -1.52 1.08 0.28 9.31 -4.76 -1.38 -8.91 5.91 1.73 -9.98 9.34 3.83 2.5 9.36 8.69
-2.26 -8.62 -9.12 -5.45 1.96 -9.18 -4.76 7.81 -5.24 3.91 7.13 6.55 -3.23 1.26 -9.74 -6.71 -2.21 -4.08 8.82 -2.83 7.9 -6.45 3.81 3.72 0.69 -5.04 -9.75 0.39 -0.91 -7.87 2.82 -2.1 7.92 -4.92 0.37 -5.69 9.2 5.3 4.27 3.01 5.54 7.56 2.69 -3.44 -8.33 -6.65 0.66 -8.21
1.34 -5.72 4.87 -3.86 -0.72 -4.97 7.75 -4.04 -4.92 -9.38 -9.27 4.93 1.29 -8.04 7.07 -9.5 -6.05 -7.7 -6.51 6.99 0.41 1.78 -8.38 -6.63 8.9 3.84 2.06 3.17 -2.49 -6.93 9.11 -9.55 -5.33 9.95 -1.83 -2.07 7.54 -7.56 -3.09 -3.74 0.29 2.98 1.09 2.9 -6.81 -9.4 2.28
8.73 8.75 -9.28 -9.78 6.32 5.92 -6.37 -2.54 6.86 2.31 3.14 -7.46 7.2 3.98 -0.82 5.72 -2.32 4.2 9.87 2.08 -7.76 5.74 9.38 1.31 -6.34 -3.46 -4.32 9.1 -8.26 -8.04 -7.8 -5.69 -5.68 6.75 0.51 -0.48 -6.94 -3.41 7.1 0.94 6.01 -5.65 6.45 -7.26 -5.74 0.34
9.17 -0.39 -4.01 -2.43 1.03 6.51 3.12 1.72 0.83 7.63 7.35 -8.31 8.97 3.86 1.74 4.03 1.28 -7.06 -8.35 5.92 0.46 7.5 0.64 9.89 -7.33 -7.48 7.45 -6.76 -1.36 -4.48 -8.97 -9.89 -6.33 -0.42 6.26 -1.89 9.37 -6.65 1.78 5.78 -8.16 5.63 2.72 3.25 3.26
-1.15 3.4 -8.82 -5.14 7.22 7.25 -6.17 -6.48 -2.78 -2.84 3.93 6.56 5.46 1.1 -0.54 -0.82 3.5 3.29 -0.67 9.91 -5.11 2.58 -6.44 8.12 -0.44 2.13 0.06 9.16 -1.69 1.36 -8.15 -8.9 4.79 1.91 9.66 -5.04 -5.1 0.99 -6.44 -5.17 -6.81 -9.17 -5.01 -3.57
0.63 3.95 5.25 -0.27 0.8 8.45 0.55 -9.35 7.26 1.1 -9.13 3.05 -0.84 7.63 -2.63 -7.97 9.46 -6.04 4.22 7.69 1.87 5.47 -2.06 6.71 -0.9 2.85 0.52 3.41 -0.5 9.42 -9.83 7.79 -8.47 1.11 -4.92 -6.22 -0.78 -2.81 -6.68 -6.78 7.14 -3.9 -9.25
-2.97 -6.61 6.7 -6.68 0.51 1.47 -3.9 -8.46 3.29 -3.55 0.07 -2.6 -3.39 9.11 -2.66 8.93 8.5 5.12 -5.17 -1.76 -0.37 -0.57 2.64 2.75 -6.11 8.39 -6.1 -8.68 3.72 -5.7 -2.6 -1.24 3.99 5.26 4.62 -4.43 -2.3 -5.98 -4.69 -5.64 6.85 2.91
-5.19 6.88 -1.34 9.37 0.73 5.51 4.82 2.33 -9.89 -2.04 3.08 -9.29 5.05 8.9 9.0 -3.77 -5.5 9.82 3.31 0.78 4.89 4.15 -7.55 -6.4 -6.22 5.52 8.41 4.65 -8.78 7.57 2.45 4.5 -4.21 -2.41 -5.86 -8.46 5.85 4.48 8.99 7.03 -1.28
-0.88 -8.73 -2.32 -7.47 7.4 -7.82 4.24 -4.92 -3.5 -4.06 -6.87 8.27 8.05 1.04 -7.15 2.74 -6.3 1.34 1.22 6.36 -6.04 1.04 -9.07 -0.51 -9.02 6.11 8.03 -1.23 1.0 -7.77 -2.04 5.42 7.0 -2.94 -7.28 8.13 -8.19 2.02 -8.42 9.3
8.32 -3.12 -6.34 8.38 7.05 0.49 1.94 -7.35 3.68 5.36 -5.26 9.49 -9.03 1.86 -6.06 -8.04 -8.12 -7.41 -4.39 8.33 1.53 3.28 -1.11 8.15 5.68 4.7 3.75 -2.95 9.78 0.71 3.91 9.45 4.52 -6.97 -9.09 6.76 -7.84 0.35 4.41
2.39 5.68 8.58 -5.77 6.57 1.82 -9.36 -1.56 -8.69 -1.67 -6.57 -7.49 -9.68 -1.41 -7.79 9.24 0.3 -5.06 -9.94 -5.27 5.82 -0.34 3.51 5.62 7.41 -3.94 -7.48 -2.31 8.26 -4.14 -8.34 9.02 3.52 -9.69 5.94 -9.65 -9.1 8.9
-3.74 1.89 5.97 8.26 7.42 6.57 -7.13 -9.86 -6.0 -3.88 -8.0 6.96 9.61 -3.0 -2.33 6.92 0.26 -1.77 -3.57 2.63 3.95 -9.27 8.66 -2.65 1.41 9.45 -9.11 0.2 -9.57 -5.31 -7.95 9.42 -9.94 -3.8 0.74 -9.27 1.3
-5.66 -1.49 -1.21 -5.13 9.93 -1.06 -7.42 6.37 2.88 0.97 3.92 -5.06 -7.34 1.1 0.52 9.71 6.2 -0.88 0.95 0.04 6.76 -1.65 -6.11 -5.28 -3.91 -6.1 3.45 4.98 -9.58 -1.33 -0.51 0.91 1.7 8.18 4.06 -2.09
-0.61 6.48 0.95 8.15 -0.41 4.26 9.03 6.08 -7.68 6.89 -8.84 -5.88 -3.97 5.06 3.16 -8.59 5.8 -4.97 -8.61 1.03 -3.62 8.62 -1.66 -0.95 -3.59 -7.87 -9.07 -9.47 -7.13 3.67 -7.33 0.96 -0.03 2.34 -5.65
3.59 -5.38 0.23 -5.85 5.12 2.97 -5.2 -5.57 8.16 -5.54 -3.23 -8.0 2.91 0.8 -4.73 -7.32 -1.32 -7.22 -6.93 -1.28 -3.94 0.52 8.04 -0.85 9.08 -3.64 9.9 1.07 -7.78 -0.43 2.92 -6.46 6.41 -8.37
-0.92 -9.01 -6.5 -5.48 -8.92 -6.35 -8.52 -2.22 -3.1 2.13 -0.69 -4.91 1.14 9.03 0.02 -0.34 9.13 -1.87 3.41 -4.81 1.48 -6.97 -8.89 -3.3 -5.83 1.59 -9.16 -5.5 7.3 0.25 -3.92 0.96 -7.73
6.17 -3.76 3.18 4.0 -1.57 -8.25 -6.74 -9.87 3.96 3.31 -4.08 0.44 8.97 9.37 -9.18 1.0 9.94 5.93 8.17 9.67 4.42 -1.4 -7.16 -0.97 -9.21 -3.17 4.03 3.93 5.09 4.23 1.18 -0.36
-5.1 -2.08 1.99 -0.14 -2.97 -9.67 0.68 -0.98 -7.48 4.41 -2.79 1.54 2.85 -1.62 5.26 -3.54 -9.87 1.26 2.96 -0.62 -5.03 -0.43 -5.84 -7.95 -8.94 1.93 -9.35 -5.27 -0.15 -0.71 -6.4
6.03 -8.32 6.33 -3.2 2.02 -9.37 -8.11 6.28 -8.48 1.75 5.61 -3.33 -4.79 4.44 4.3 -1.6 5.03 -8.21 -5.48 -3.0 -3.41 6.02 7.5 -3.01 -8.31 -6.68 -5.68 9.5 5.85 0.92
2.87 -1.13 7.0 9.35 8.06 8.51 -2.68 -2.73 0.04 0.63 -1.69 9.91 -2.55 -3.92 -8.5 6.04 -9.1 -0.03 -6.77 -8.41 -0.08 -7.44 4.13 7.91 9.35 2.94 -6.5 -9.41 -9.25
-3.35 -1.05 7.39 8.13 7.07 -5.6 3.06 7.83 -9.61 -9.2 -9.74 -4.28 9.6 1.98 2.05 -0.18 6.67 -8.94 -2.33 -2.94 -6.23 1.76 -9.25 -0.79 -4.23 5.39 9.52 5.58
-9.83 6.78 7.66 9.5 -1.56 8.42 -8.83 -0.75 5.97 -3.53 -2.26 9.52 -2.52 -4.41 4.42 -6.92 -0.53 2.19 2.03 0.75 6.77 7.59 -1.75 -6.81 2.62 -6.28 -5.14
-9.82 9.96 -4.8 -8.46 1.96 8.35 -3.16 3.12 -9.36 -8.44 -8.26 -6.95 -8.14 9.43 -0.22 5.6 -8.96 8.38 3.01 6.8 -3.56 -9.52 -9.94 -3.1 4.86 0.36
-2.43 -1.74 0.31 1.86 -2.35 -0.46 -7.39 -4.13 -7.46 5.56 0.09 -1.7 6.5 -4.52 9.17 0.96 -8.18 3.05 6.74 -1.6 9.78 2.19 2.14 -7.96 7.91
0.83 1.4 -8.15 7.44 2.09 3.56 -0.91 3.98 1.0 -2.13 -0.89 -7.39 -4.95 -8.85 -5.41 3.68 2.82 1.79 1.02 -1.19 -7.05 2.35 8.4 -1.01
-2.94 -0.25 1.06 1.53 -6.97 -9.05 3.58 -6.99 -2.34 1.43 6.41 5.46 2.66 -7.97 4.12 -2.06 9.69 3.86 -8.05 -8.33 5.61 -1.3 6.94
-1.4 -7.96 9.06 -6.48 5.15 -4.29 8.52 -2.17 -8.58 -7.48 -9.17 -5.27 3.04 1.0 8.26 6.84 4.37 3.23 6.57 9.35 -9.86 -2.46
5.87 -0.97 4.18 -7.7 0.91 -6.37 3.25 0.16 -9.87 1.21 9.52 6.41 2.9 4.5 2.26 -8.61 6.3 5.84 -7.81 -5.93 5.73
-9.52 -6.27 1.73 -9.65 4.37 -6.39 3.01 4.44 4.83 9.5 -4.16 -3.53 6.12 -3.91 -0.26 -8.28 -3.67 9.87 5.56 4.93
4.73 8.9 7.09 3.78 -0.7 4.43 -1.25 -6.21 -1.43 -7.38 -7.84 6.2 -7.92 0.34 -8.12 5.22 0.36 -7.2 -9.48
5.48 3.44 3.8 2.43 5.6 7.23 9.27 3.77 -6.23 0.75 3.67 -3.23 -3.78 -1.73 1.57 -6.64 -9.37 8.61
-1.73 2.72 3.27 -2.85 6.77 7.99 -8.66 -7.16 9.81 7.04 -7.41 8.73 -0.52 4.66 -3.52 -3.81 -4.81
4.61 9.58 2.18 3.9 -7.86 -9.22 -7.63 -6.31 3.51 -9.86 -2.78 -1.11 1.99 8.13 -3.28 -9.34
-4.37 -5.79 8.04 6.34 -4.48 3.41 4.08 8.31 -8.79 0.82 -5.36 0.12 -0.98 9.85 2.79
7.47 -9.87 2.58 6.27 -0.82 -7.19 6.46 9.79 -1.39 4.75 6.3 -8.51 1.77 7.58
9.73 6.71 -0.88 -4.61 8.67 -3.89 -5.34 9.84 0.7 -7.84 5.28 -3.88 3.16
-6.84 -0.49 -4.04 -2.64 -4.79 -6.08 -5.58 1.02 0.62 5.18 -8.03 6.03
-7.02 8.08 -6.51 0.89 -9.27 -3.97 4.04 -5.59 -8.69 6.8 -0.61
1.8 -9.85 -8.39 9.4 -5.33 1.36 4.34 3.39 1.46 1.05
-9.92 -3.31 -5.71 -2.4 -0.36 8.33 8.36 -7.62 -0.77
6.46 -7.39 -0.57 5.69 7.2 -5.08 3.41 -6.31
-2.69 6.41 3.36 9.57 7.69 5.36 1.56
1.72 -9.57 3.51 -2.16 -9.3 -7.3
4.16 -7.94 -6.09 9.51 -7.6
7.96 3.86 -9.85 2.75
-0.48 -5.84 -9.97
5.94 -4.58
2.06
