50
4 4 4 4 4 4 4 4 4 4 4 4 4 4 4 4 4 4 4 4 4 4 4 4 4 4 4 4 4 4 4 4 4 4 4 4 4 4 4 4 4 4 4 4 4 4 4 4 4 4
0 33 29 27
1 48 3 29
2 15 37 39
3 20 31 15
4 39 15 43
5 0 23 18
6 15 0 49
7 40 12 23
8 0 12 45
9 16 47 13
10 17 42 29
11 13 43 20
12 41 31 5
13 4 10 35
14 1 12 49
15 31 11 27
16 49 10 32
17 30 1 39
18 47 35 8
19 24 48 38
20 40 13 33
21 0 49 35
22 26 36 24
23 3 27 0
24 39 3 34
25 12 42 6
26 28 37 43
27 39 13 41
28 0 47 43
29 44 11 13
30 23 22 5
31 34 8 15
32 5 41 25
33 26 12 3
34 31 19 9
35 37 25 16
36 45 31 26
37 42 22 2
38 41 9 14
39 36 47 46
40 43 42 4
41 2 19 0
42 2 8 15
43 19 40 23
44 11 35 28
45 22 43 20
46 12 14 17
47 15 13 22
48 12 3 40
49 4 11 15
2.38 -3.06 0.66 3.44 7.52 -3.5 -1.93 5.3 3.43 0.74 -4.57 -2.29 0.1 -2.99 6.63 -4.35 0.74 -5.8 9.46 6.17 -7.61 -5.11 -0.58 -1.97 -1.09 6.83 -8.36 7.96 -6.32 9.35 -2.93 3.51 1.32 -0.22 6.45 -3.19 2.53 6.57 -7.53 1.99 1.66 -6.89 -9.39 9.97 1.18 -6.86 -5.93 -3.83 7.63 -0.89
-8.34 2.48 -3.07 9.17 -4.44 0.15 -0.36 2.82 -8.72 2.85 0.72 4.99 8.2 9.15 -6.55 -6.06 9.3 2.23 -3.33 2.38 6.34 4.45 -5.71 -1.96 2.09 0.5 4.79 -6.95 -7.11 -9.48 -7.02 6.21 4.12 -9.22 -0.36 -8.83 -6.93 -3.45 -0.86 4.51 -3.28 -7.76 9.01 -3.48 -7.77 9.94 -5.97 0.57 -8.36
-9.94 -0.5 1.49 7.9 4.45 -4.89 1.72 -4.15 4.27 -2.08 9.24 9.97 0.95 5.05 1.73 -7.57 -4.81 2.37 -9.87 -2.16 0.39 3.97 -6.03 9.96 -2.99 8.23 4.23 -9.44 -2.43 -8.46 -0.67 1.06 -4.53 -3.49 1.81 6.9 -1.42 -1.09 7.11 1.71 5.59 -8.89 5.87 -7.61 -8.24 7.61 -6.41 5.25
-1.56 -9.34 8.45 -5.18 -4.93 -8.59 -1.03 -5.58 -6.87 -4.57 0.82 2.24 6.26 8.37 -7.34 -5.76 2.64 -3.91 5.19 4.78 0.56 7.67 6.45 1.78 8.18 -4.31 -7.85 -8.47 1.14 -7.43 9.91 -1.7 -1.72 6.69 8.36 -5.72 -7.95 -9.61 6.31 6.89 -0.67 5.75 -6.16 1.23 4.13 8.87 9.42
7.3 1.53 -0.12 -3.01 0.79 2.85 -4.47 -2.67 2.2 6.3 4.2 0.42 7.24 -2.74 3.09 -9.97 -5.52 -3.55 -7.35 3.92 -2.26 -5.21 1.96 6.47 5.64 5.27 -9.19 -1.72 -6.35 -1.43 5.61 -8.47 -9.12 2.41 7.65 5.75 -5.12 -1.41 8.96 -8.75 6.08 6.24 6.47 -5.77 -6.42 3.79
7.95 -9.68 -6.6 9.76 1.57 0.92 -6.46 -8.63 1.25 -9.13 1.02 -5.33 4.26 -8.74 2.58 7.02 -4.76 4.32 2.85 -0.23 7.81 -5.0 -8.58 -8.38 -8.99 1.76 9.92 1.4 -0.74 -7.09 -1.94 3.28 -4.72 7.4 -2.98 5.27 -5.89 3.74 -7.76 7.1 -3.69 7.27 -2.05 -6.7 -6.3
8.53 5.33 -8.99 -5.91 -9.63 8.88 -8.53 0.68 -7.35 5.16 9.18 5.56 9.96 -5.28 -2.27 6.48 3.86 1.81 1.51 6.47 -5.21 -9.09 8.49 -2.32 -3.91 9.22 -7.58 5.47 -3.71 -4.13 3.33 9.18 -9.98 -9.98 -3.68 -6.66 8.91 0.64 8.54 -8.93 -8.52 -1.43 1.89 -0.13
-8.57 5.77 9.97 1.44 -8.12 3.4 -0.79 -4.3 5.14 5.14 8.4 2.5 -1.38 4.53 -5.24 3.94 5.94 3.85 -3.37 4.6 2.45 7.54 6.54 -6.14 -6.74 -0.8 7.98 3.7 9.22 -6.27 -5.53 8.1 -9.57 0.27 -0.18 -8.78 8.82 4.21 -4.83 1.46 9.35 1.64 -4.6
1.71 -4.72 -6.39 -3.52 2.54 -3.97 -7.16 3.32 3.74 5.89 -4.99 -7.65 -8.09 -9.93 -4.03 3.49 3.5 0.61 3.28 -5.71 3.12 1.82 -9.68 4.87 -1.53 3.33 9.78 7.5 -6.62 -2.19 9.66 0.56 6.39 0.53 8.69 -9.46 -0.11 3.77 -8.01 3.94 -6.31 -8.59
7.29 7.51 3.0 5.61 -7.46 4.84 -1.05 -4.98 6.73 0.41 -7.72 1.27 4.94 7.86 -5.34 8.2 5.67 7.32 7.52 1.69 9.77 -1.23 -0.3 0.87 -9.58 2.51 -7.68 9.13 5.13 -7.84 -5.65 -8.16 -0.62 3.91 5.4 0.08 2.66 2.95 -1.66 -7.51 -3.51
-6.18 -3.01 9.78 -6.19 3.37 -7.63 -9.5 8.16 8.24 -6.2 2.1 -8.68 -7.89 -8.83 -5.88 -7.87 1.92 0.8 6.69 2.09 -6.89 5.41 -0.32 -3.56 1.78 3.3 0.75 -3.17 1.3 -7.48 1.16 7.46 -1.72 0.85 -8.4 1.91 -3.35 -8.74 3.55 1.15
5.74 7.0 -8.96 3.8 4.64 -7.91 -0.16 7.08 -8.01 9.75 -5.35 -5.66 9.47 -7.42 -2.36 6.97 7.49 -1.85 -9.06 -8.25 9.08 -4.91 3.99 2.61 -2.62 -0.8 8.2 -5.59 4.91 -8.52 2.5 1.63 2.29 0.61 2.02 -6.29 -2.01 2.11 5.27
-3.32 4.37 -9.3 6.0 -9.04 -1.39 3.86 -1.6 -6.87 8.81 1.5 0.96 9.85 7.05 7.16 -4.06 -9.98 -1.23 3.81 -6.26 0.87 1.73 0.02 9.8 -8.4 9.54 -4.35 -1.81 -1.99 -3.29 4.51 7.75 -2.82 -7.07 -5.97 7.97 -8.56 4.34
0.94 -1.28 -3.33 -3.9 3.84 -1.06 -7.35 1.69 -3.88 5.64 9.91 0.47 -3.41 -3.68 -8.37 0.48 1.62 -4.87 -5.85 -2.31 1.03 -6.87 -6.5 -9.75 -4.36 -4.1 -9.35 -5.29 -3.82 2.29 -1.84 -7.41 -9.22 5.68 -7.62 4.42 -9.2
-1.03 -1.1 7.74 9.76 -0.29 1.22 0.35 2.68 2.58 -4.64 -6.41 0.34 4.36 7.54 -8.75 2.77 8.95 1.47 -5.66 5.1 -6.18 7.3 -3.64 9.0 -1.95 5.43 0.75 9.38 8.94 5.29 7.03 4.38 -0.52 -2.55 -1.18 4.79
4.94 1.9 4.09 -2.39 -1.61 0.41 -9.16 -6.49 2.17 2.42 -2.6 -6.13 3.45 -6.72 -4.35 0.79 6.37 -9.77 8.2 9.0 6.18 -4.3 9.1 -1.43 9.19 6.67 -2.95 -3.35 -0.78 -0.66 -4.06 -1.34 1.08 8.04 9.82
-9.83 1.9 5.46 -5.89 1.7 -8.08 3.37 -3.9 -9.58 5.06 9.47 3.04 4.84 -7.71 -7.4 -9.58 -8.53 4.4 9.53 -2.41 3.87 -8.6 2.55 9.78 -8.44 -5.94 -2.74 2.34 -8.55 2.44 0.68 -6.22 4.63 8.54
7.76 6.23 1.51 -3.53 5.52 -0.36 -4.63 -7.93 -0.95 -8.05 -5.22 -5.41 1.57 -3.25 -3.74 6.28 -5.05 -8.18 -6.12 -5.5 6.13 -7.48 -1.62 0.06 6.9 -7.94 -0.73 7.99 4.08 -7.66 8.71 -5.33 -7.84
5.75 -5.33 -6.49 -3.88 -8.56 -2.62 -3.93 -8.85 8.73 -3.06 3.67 4.75 -1.49 9.82 -7.93 -4.49 5.02 -6.08 -7.03 -0.07 -8.26 3.61 7.99 5.32 -9.88 4.43 -6.22 3.88 9.47 -0.09 3.94 -9.16
-4.36 -4.8 9.34 0.72 -5.24 0.29 -7.96 9.47 2.78 7.83 -5.72 1.46 -1.11 -7.89 9.88 -9.24 -0.86 -2.89 -1.9 7.77 7.71 0.06 1.6 6.71 -3.4 -3.12 -7.76 -2.57 0.55 -4.57 7.21
1.91 -2.34 2.27 7.45 5.06 -5.45 -2.27 9.22 8.61 -9.91 8.63 -7.71 3.65 6.95 6.7 3.09 -1.92 3.45 -3.91 -2.18 -7.06 0.1 -2.82 -6.73 -6.91 -2.37 -2.55 -6.73 6.81 -1.35
-8.8 -4.01 -3.1 4.65 0.1 -4.59 -8.65 1.58 -2.13 -2.16 1.32 4.83 -4.26 -9.22 2.6 1.57 -6.5 -5.35 7.54 7.89 2.87 2.6 -5.73 4.84 1.98 0.54 5.47 -7.42 7.53
-5.5 -4.39 3.55 8.03 -7.15 -8.51 -5.17 1.18 -6.33 8.27 -7.26 -6.85 2.26 -7.13 -9.37 -3.18 -5.9 -3.19 0.9 -5.55 9.92 -6.83 1.77 7.45 7.92 -6.26 -4.81 3.64
7.93 4.13 9.75 4.72 1.65 7.46 -1.34 -1.25 5.69 -9.65 -6.41 -0.92 2.76 6.85 8.17 -3.37 4.29 -2.65 -0.58 -1.13 -3.22 -8.05 2.46 -9.82 -6.81 6.76 -9.01
-9.29 -0.16 3.18 -2.78 -1.42 -1.15 -0.08 -3.76 -4.19 -0.51 0.41 2.67 -4.09 6.97 -1.37 1.4 -6.49 2.56 -5.01 4.62 9.03 9.72 -6.86 4.66 -5.69 -3.77
-5.39 8.25 7.35 4.28 8.22 -6.73 1.07 -2.93 9.37 0.91 -5.71 4.47 -4.74 -9.84 6.28 1.76 6.05 -7.45 -5.97 -7.54 -6.86 3.13 -3.42 3.3 5.71
-1.48 -2.03 0.79 -9.38 7.54 1.56 -4.14 -6.11 6.77 -3.32 -4.72 1.29 -4.68 9.56 0.45 -3.54 3.6 -7.7 -9.86 -1.82 -0.22 -2.15 8.51 2.23
-6.46 8.3 -2.68 -5.27 2.91 -9.38 8.52 -5.38 -1.46 -6.45 1.22 -7.16 -2.19 -6.85 -0.89 -2.68 1.84 0.91 -2.16 3.66 -3.35 7.81 -8.82
-5.83 4.06 5.69 -4.77 -2.34 2.15 -8.82 8.15 8.52 -6.18 -8.23 -9.52 7.95 8.04 -4.94 -2.6 -6.79 -0.74 -3.96 -6.33 -0.68 4.0
-1.93 0.12 3.78 1.01 -6.77 2.34 3.77 7.74 6.4 1.79 7.39 0.25 -6.62 -4.01 5.12 2.89 7.42 -5.23 -3.07 -8.96 9.82
-1.76 -9.0 6.88 -2.08 -5.03 4.1 -2.45 9.18 8.72 -8.2 -5.92 7.91 -6.94 2.32 -1.31 1.13 -3.66 -5.8 -9.04 -3.81
1.77 -1.49 -7.04 -1.82 3.7 -5.69 -0.68 5.66 -0.3 -7.12 -2.94 -2.62 2.34 -6.81 -1.52 -6.67 -2.12 -6.5 8.46
5.86 2.21 -6.86 -9.77 6.44 9.92 -8.46 -1.83 5.01 9.1 -5.17 0.75 -1.56 -9.45 6.83 2.49 -9.98 -2.1
0.6 -9.82 4.02 -7.27 -6.85 -6.55 4.54 -6.34 1.58 7.22 -7.5 -3.19 6.71 2.21 -0.94 3.79 1.93
3.28 7.57 -4.64 -2.58 -3.29 -5.99 -6.88 -9.08 7.71 -5.18 -6.31 9.83 1.57 -4.47 4.15 9.32
4.58 8.73 1.32 -3.19 1.14 3.78 -8.07 -2.83 4.78 5.36 -8.47 8.21 5.38 1.1 -1.14
7.67 8.43 -0.44 7.09 -0.77 -5.41 -0.04 9.58 9.39 7.56 -9.74 1.79 -5.32 -2.24
5.9 -6.45 7.12 4.59 8.28 5.78 6.23 -0.02 -8.55 -4.94 9.42 -8.91 -2.68
-7.51 -7.24 -7.75 -2.51 -4.16 -8.6 -4.59 -2.04 -6.47 -6.1 6.25 5.58
-4.49 4.87 4.65 -2.81 2.46 5.33 0.63 -5.86 -3.53 -8.94 2.9
4.72 0.47 2.93 9.33 1.73 7.76 2.18 1.48 7.19 -8.69
8.91 3.45 -5.91 9.93 5.16 4.22 -7.73 1.77 2.59
-5.25 -1.61 -7.98 -5.82 -9.05 9.71 -3.66 -6.98
-6.69 -7.37 2.68 7.45 -3.95 -9.73 -3.75
-9.87 0.91 3.06 -9.47 7.92 -8.06
4.53 -3.21 6.9 6.78 4.85
4.19 8.66 0.79 6.1
4.99 8.83 9.71
-3.9 5.51
1.68
