100
5 5 5 5 5 5 5 5 5 5 5 5 5 5 5 5 5 5 5 5 5 5 5 5 5 5 5 5 5 5 5 5 5 5 5 5 5 5 5 5 5 5 5 5 5 5 5 5 5 5 5 5 5 5 5 5 5 5 5 5 5 5 5 5 5 5 5 5 5 5 5 5 5 5 5 5 5 5 5 5 5 5 5 5 5 5 5 5 5 5 5 5 5 5 5 5 5 5 5 5
0 47 46 77 21
1 79 78 89 27
2 59 82 33 44
3 43 71 42 4
4 15 88 78 98
5 77 24 81 19
6 45 95 93 41
7 42 10 58 61
8 54 26 45 93
9 90 92 14 98
10 3 55 30 46
11 81 56 67 50
12 26 19 47 35
13 67 29 41 78
14 71 68 76 24
15 27 71 43 92
16 68 49 46 14
17 24 89 75 92
18 33 64 61 72
19 68 9 81 45
20 44 42 11 91
21 22 12 96 99
22 52 41 98 34
23 47 32 76 3
24 56 42 32 50
25 49 57 90 69
26 46 82 49 64
27 52 4 56 22
28 24 13 95 33
29 43 36 2 69
30 98 34 99 96
31 2 21 98 49
32 54 79 4 22
33 23 64 90 44
34 4 49 77 92
35 3 59 56 76
36 62 50 75 82
37 33 53 39 10
38 6 7 15 79
39 95 70 12 18
40 80 91 92 85
41 63 84 10 7
42 71 90 64 5
43 66 17 83 46
44 97 71 89 39
45 20 33 50 29
46 18 4 5 0
47 61 63 14 19
48 29 4 31 21
49 47 51 18 88
50 24 33 96 34
51 40 43 47 85
52 13 0 57 54
53 10 73 20 64
54 17 99 4 11
55 88 84 41 42
56 45 20 19 55
57 32 29 13 64
58 52 78 66 79
59 24 96 62 81
60 67 2 4 14
61 44 65 11 29
62 44 26 75 68
63 16 95 87 12
64 79 41 60 85
65 69 30 41 86
66 53 11 90 13
67 2 92 16 30
68 1 10 74 33
69 76 40 80 89
70 95 64 94 77
71 59 50 22 35
72 18 88 13 43
73 91 10 69 77
74 13 39 14 48
75 5 14 78 84
76 70 96 90 80
77 43 14 66 36
78 22 30 97 67
79 57 5 82 14
80 4 37 85 39
81 52 14 49 62
82 94 35 19 79
83 23 27 97 5
84 48 39 12 6
85 82 57 31 4
86 50 97 70 67
87 73 83 40 57
88 1 81 14 52
89 58 12 11 35
90 4 3 19 81
91 94 15 18 71
92 59 43 56 93
93 40 49 13 14
94 92 47 30 44
95 52 91 39 3
96 8 97 10 47
97 60 65 31 15
98 93 49 7 34
99 0 59 30 40
4.08 9.01 8.81 -2.58 2.16 6.76 -8.07 -5.86 -4.96 -4.17 -7.87 -4.29 3.82 6.03 -9.08 -0.08 -7.88 -0.19 7.27 -0.42 -6.14 4.68 3.41 6.41 -3.72 -9.99 7.67 -8.95 4.25 8.26 0.96 -9.42 -4.13 8.64 7.3 -4.94 -3.4 0.51 5.64 3.73 2.7 -9.89 0.71 -6.16 -3.34 2.39 9.15 -3.84 4.47 6.0 -8.62 -0.17 -5.13 6.72 8.34 2.59 9.32 -5.72 0.45 -5.38 -8.52 5.59 4.66 6.38 2.0 -3.04 -4.27 9.6 -3.36 -9.08 -7.02 2.62 0.53 2.82 -9.25 1.06 8.53 -0.04 -8.89 -3.73 -3.94 6.18 6.26 -2.49 -2.6 -9.05 3.88 -2.7 -8.58 -8.14 4.98 -9.01 -6.15 -0.9 -9.74 -1.64 6.2 -3.98 6.67 5.0
6.97 9.84 4.35 9.41 2.9 6.03 1.75 -7.51 -4.52 -6.62 2.56 5.31 3.79 -6.62 7.82 1.21 6.76 -8.32 6.02 -7.23 9.07 -8.45 9.57 4.32 -1.92 -2.61 4.84 6.66 -7.43 4.68 -2.51 2.31 -5.58 -4.4 -4.46 6.66 4.72 -5.5 1.04 -8.92 6.55 -2.98 2.39 -8.92 4.87 3.0 3.29 -2.7 3.97 -5.37 9.12 2.99 8.42 0.56 1.99 -9.99 7.21 9.59 2.63 8.87 -9.02 7.53 8.63 7.81 6.0 8.85 4.28 -2.64 -8.32 -7.04 -8.84 8.73 3.34 0.82 -0.19 5.38 -1.72 7.86 -1.71 -6.74 5.94 -5.2 7.71 4.04 -3.97 -3.83 -6.95 -5.15 -4.51 -1.82 -7.35 -4.95 -2.27 1.14 -1.95 3.05 -9.11 -4.65 -9.01
-0.81 -2.47 -1.88 -8.06 8.86 9.93 -3.5 -9.88 -4.27 1.66 0.76 9.95 -7.58 9.46 -5.02 9.44 -8.4 -1.88 6.34 -7.95 -9.01 -8.64 8.99 -3.64 0.57 3.48 -6.69 -7.97 -9.38 -4.97 -3.58 0.12 -9.06 6.31 9.67 4.25 -7.49 4.29 0.4 -4.19 -9.77 -0.69 8.78 8.04 -3.44 -0.87 9.69 0.13 0.2 0.78 6.8 -0.48 9.97 1.49 -9.82 0.88 7.86 7.9 -6.31 -2.31 -4.24 9.64 7.05 6.76 -3.1 9.3 -1.52 4.29 -8.86 -6.18 -3.48 -1.78 -1.57 7.8 2.54 2.29 9.39 0.08 -2.18 0.8 8.75 -0.73 9.53 2.89 0.52 5.95 -1.13 0.7 3.02 5.56 6.73 -4.32 6.86 -1.93 -0.8 -2.34 1.67 -0.13
-3.59 -6.89 -0.66 -6.34 7.55 7.54 8.12 6.96 9.84 3.97 6.25 0.46 -0.81 8.25 -3.28 -6.77 9.56 1.09 -3.65 -0.93 8.91 -5.09 -3.82 -5.5 8.78 -3.43 -3.73 4.5 9.21 7.79 -6.53 9.2 8.68 -2.62 0.07 -2.27 -5.77 -7.61 -5.53 -3.09 2.01 -4.21 6.97 -9.98 2.69 -7.0 -6.09 -4.88 5.99 -6.27 9.17 8.15 9.13 8.64 -9.0 3.17 -2.22 -4.6 4.48 5.5 -1.56 0.26 -6.71 4.42 6.0 5.41 -1.37 -8.51 -9.78 9.47 7.98 1.96 -5.39 5.34 -3.78 4.2 9.47 -6.01 5.58 1.48 3.77 9.81 -7.93 -0.42 6.23 -9.91 -0.62 -2.47 9.19 -0.47 5.58 0.33 5.66 9.21 0.59 -1.64 3.48
0.17 3.68 -4.69 -1.3 -6.43 1.63 0.35 4.71 7.62 -2.85 0.48 3.95 -5.18 -0.84 -6.62 -5.14 2.1 2.34 6.87 4.72 4.27 5.07 9.4 -5.09 3.37 7.28 -8.67 2.84 1.92 -5.46 8.47 -4.39 2.84 -8.99 -8.24 -9.73 -0.47 -7.19 -4.98 1.6 -3.3 -9.25 6.76 6.17 -5.43 3.29 -9.4 7.25 3.62 3.36 3.39 -3.97 7.15 7.11 -5.91 -4.85 2.95 9.95 0.01 6.24 -5.2 1.99 7.77 -2.15 3.58 -3.64 0.36 9.19 6.32 -2.77 1.63 1.42 -4.34 -3.02 5.93 -4.63 -3.36 8.43 9.07 -0.41 -10.0 -5.71 2.53 1.39 -0.5 -1.31 -4.2 -7.33 0.71 -3.68 9.36 -3.94 3.28 0.11 4.44 -6.8
2.74 -7.53 -8.31 -8.91 9.5 3.69 1.44 -4.28 -2.98 -0.07 9.72 6.93 -9.23 5.05 -4.26 1.27 -4.18 9.58 0.97 -9.66 -2.39 -2.96 -8.28 7.18 3.7 3.64 -5.84 -2.96 -0.15 -9.78 0.65 2.55 1.0 -0.09 -5.0 -1.13 -9.8 -4.5 -6.46 8.78 -6.32 1.59 6.12 -3.55 -1.36 8.6 -9.57 -5.2 6.79 0.0 -0.6 0.58 -2.5 2.39 -8.0 7.82 -8.36 7.4 -6.14 -6.23 4.62 -6.67 -9.39 9.19 -4.11 3.91 -3.45 5.94 9.1 5.1 1.52 -3.28 4.82 -1.52 7.38 7.61 7.21 7.4 4.17 1.33 1.28 2.81 -3.44 -3.99 3.48 -8.01 7.34 -1.81 -9.41 8.98 -1.64 -5.64 7.72 2.24 9.81
-2.35 5.95 2.29 -1.9 2.5 -9.68 -8.17 -7.08 9.87 -8.11 -3.64 -2.01 -7.92 -1.59 9.47 5.15 -9.55 -7.72 -9.63 -0.63 4.76 9.47 -2.42 -3.71 3.04 1.76 -3.13 -4.8 -9.38 -1.57 2.96 5.03 -2.96 -3.42 2.44 2.5 -1.75 2.19 5.57 -4.74 3.13 -9.97 4.29 6.41 -4.29 -1.5 9.84 -7.98 -3.81 6.03 0.39 -0.8 -7.73 8.84 7.92 -9.99 -9.93 -1.14 -8.55 1.09 3.57 -1.86 8.09 8.59 9.04 3.16 1.39 5.0 -5.76 7.33 -8.36 4.19 1.09 -5.34 -9.42 -5.59 -7.05 -6.52 -2.1 6.92 3.01 5.14 -2.43 0.03 7.25 -5.23 3.9 2.83 8.17 -2.44 6.81 -9.03 -3.17 -5.98
-6.41 -2.53 5.31 5.46 7.39 4.24 3.64 8.84 -6.64 2.07 6.31 -9.47 1.38 -3.88 8.53 -0.91 -1.77 9.74 3.29 0.4 -0.8 0.31 -3.53 0.67 3.9 4.79 0.99 6.33 8.57 7.65 0.42 5.16 2.38 -2.63 -3.55 3.85 -7.42 2.87 8.38 0.09 2.99 7.85 -7.72 -9.73 3.71 -5.49 7.51 -3.82 -4.97 -2.72 6.37 -9.2 -5.97 5.3 2.3 -7.64 8.8 -9.49 2.39 9.41 -7.12 -8.63 4.3 9.61 9.28 -1.91 -8.3 1.21 3.65 -7.51 -1.7 2.98 -0.74 8.65 3.87 -8.77 0.33 -6.38 9.66 -3.79 3.89 1.4 -6.41 -3.22 9.12 -4.0 0.81 -5.51 -9.23 6.17 6.68 -4.22 -7.3
0.09 -9.48 -8.46 -8.44 -2.63 -5.62 8.51 -0.41 5.33 -7.03 7.46 -6.41 0.08 -4.94 0.33 -2.97 -2.32 0.83 9.31 -2.44 2.03 -6.02 6.6 -4.7 4.93 4.15 6.24 8.58 -1.4 -3.16 3.86 4.36 7.38 6.01 9.38 1.89 -2.87 7.48 -1.25 9.01 -9.74 -1.2 7.34 4.36 7.53 1.76 -0.66 -5.28 -9.79 7.62 4.37 -6.63 -3.59 4.84 -7.55 -4.06 5.29 8.52 -4.71 -3.67 9.36 -1.4 4.12 -3.84 1.93 -2.58 8.81 -7.73 8.53 4.14 8.85 -1.53 -0.29 5.94 -6.53 7.73 8.41 1.48 4.8 -6.91 0.38 -9.73 -9.65 -2.44 -7.4 0.46 1.14 1.69 0.83 -0.37 -3.11 1.66
-0.92 3.81 5.36 2.95 2.53 -5.59 -0.6 -5.94 -4.71 -9.06 -9.88 -3.2 6.9 5.36 -0.1 -9.39 -7.25 2.73 4.78 2.98 6.33 -8.09 -3.16 8.47 2.42 6.35 -0.2 -0.77 -1.49 3.09 -2.61 -5.83 8.78 4.05 -8.84 4.97 2.83 -6.46 -5.28 4.5 -0.19 4.65 6.72 0.33 1.52 -8.23 -1.41 -0.01 -5.1 -9.75 -0.63 4.14 -3.63 9.22 -9.89 -3.88 -7.23 -2.14 2.14 0.72 6.22 3.67 -6.0 4.81 -1.84 9.49 -5.57 -4.32 -7.21 0.45 6.12 5.51 4.65 7.9 9.76 0.78 -7.41 -1.75 -1.33 -1.88 1.76 6.13 3.55 -8.11 5.85 -2.3 9.65 -5.45 -6.67 1.84 3.87
7.02 -1.75 1.51 -1.74 -2.31 -8.15 7.61 -5.46 -0.72 5.3 -2.54 -5.57 4.41 9.13 7.52 -8.51 -2.6 0.71 -7.31 1.9 -1.74 -3.56 -4.42 5.18 5.96 7.95 -9.4 -8.23 -7.16 -2.9 8.91 -9.6 0.26 -8.09 -8.62 1.12 4.01 -3.4 7.49 6.8 0.93 5.79 -1.94 7.3 5.87 8.61 -1.98 -1.25 -3.52 2.33 1.19 9.55 8.06 -7.7 -8.76 0.14 -1.75 9.33 9.32 3.71 -0.85 8.33 2.06 3.38 -3.92 -4.09 -6.46 0.09 0.98 -0.2 0.04 9.35 1.27 4.61 -1.82 -4.45 -3.31 1.52 -8.22 -6.67 -9.52 2.29 -3.85 1.42 -0.35 9.15 7.92 -9.54 -8.3 8.52
-7.35 0.98 -8.05 7.68 3.48 5.94 -6.54 -2.65 5.09 0.32 -1.84 4.96 2.33 0.17 -1.49 0.53 1.63 5.43 3.41 2.92 -2.34 2.05 2.15 0.13 3.83 4.7 -8.49 8.26 4.28 -3.73 -4.72 7.58 0.39 4.58 2.4 0.11 7.56 -3.12 4.81 -9.4 -6.17 -5.34 -6.28 -7.96 -5.91 9.2 -9.3 -3.54 -3.83 4.61 1.66 5.58 1.25 9.96 7.74 -2.22 4.29 2.14 6.62 -2.84 9.26 2.27 -7.65 4.81 -4.86 8.37 1.26 8.17 -9.3 3.54 3.11 4.52 -4.33 -1.23 -1.34 -0.92 8.38 4.74 -3.03 -2.93 -9.7 -6.6 -4.28 2.16 -2.38 -7.89 -4.06 4.84 -4.73
5.57 -6.37 3.24 -4.06 -0.91 5.41 3.75 2.76 -3.54 -8.1 8.06 6.64 4.67 -9.08 -4.85 -1.19 6.98 0.6 2.11 -5.5 2.41 7.1 0.73 -8.72 6.18 7.29 -5.71 -8.33 -7.05 3.98 -1.51 -0.52 6.93 -4.97 5.01 5.51 9.69 5.61 9.02 -6.7 2.66 -7.32 -6.42 -3.77 -9.23 8.39 -5.77 -5.04 -2.38 -9.19 4.45 -4.13 -6.77 -4.94 9.03 1.03 -3.76 6.54 4.27 5.03 -5.53 3.05 4.79 7.9 2.0 -1.67 6.23 -5.05 -6.56 -4.13 -5.64 -2.71 7.85 6.16 8.67 -4.48 -3.2 4.25 1.64 1.87 9.18 2.97 -0.77 7.09 5.25 -3.47 1.19 4.19
-8.75 6.4 4.11 -3.78 8.02 0.48 7.53 5.57 1.05 -2.1 3.76 8.67 8.96 4.51 6.24 3.03 -7.62 5.86 -6.82 -3.73 6.85 2.92 -9.22 -4.66 4.85 5.51 5.38 3.77 -1.62 -3.85 -5.34 -2.43 5.3 -8.06 1.58 -3.03 -8.94 2.29 -7.48 -1.83 -6.85 5.11 -3.99 4.21 8.1 -4.76 -2.72 2.69 6.32 3.11 8.82 1.47 9.58 -1.51 3.58 -2.05 -5.29 3.01 -4.48 8.5 -6.82 -1.83 -0.14 7.5 0.59 4.6 9.01 6.22 -5.57 -1.27 4.66 -8.94 5.04 6.67 9.81 9.97 7.99 3.88 5.07 -3.5 2.83 2.72 0.49 7.87 7.84 -5.19 1.3
1.32 -5.98 2.51 -8.78 2.94 -6.39 -5.91 0.09 -9.98 -4.98 -6.0 -2.72 9.99 -3.76 3.25 2.39 -3.03 7.77 4.37 -5.71 4.58 3.56 7.59 1.3 -6.73 -4.1 6.38 -6.52 -0.69 -9.09 9.46 4.81 -6.72 -9.78 -4.21 3.8 6.76 0.43 4.1 4.42 5.51 1.97 5.01 9.93 6.55 -6.2 -5.21 4.33 9.0 1.81 4.75 7.78 1.43 -2.95 -3.91 -8.79 5.33 -3.67 4.68 6.84 -3.57 -5.2 2.18 9.88 -7.89 -1.78 5.36 4.7 -3.84 8.26 8.39 5.74 -0.57 6.81 -6.68 -7.41 -6.53 -6.95 5.61 -8.64 -5.62 -8.95 -9.48 -2.45 -2.39 5.8
-9.25 -8.13 -5.4 8.88 0.1 6.48 4.29 2.64 8.58 -7.9 9.87 -9.58 4.6 -0.68 4.24 -4.19 -5.41 -4.38 8.16 7.46 4.39 4.88 2.4 8.52 6.1 9.26 -8.79 8.02 -7.19 -4.02 2.22 -0.89 8.35 -9.58 -2.69 7.68 1.37 -6.47 -2.33 8.77 -1.46 -3.03 9.32 1.61 1.3 -0.48 7.84 -1.08 0.77 -1.15 8.39 -9.48 3.6 8.61 -1.11 -2.82 -3.27 7.61 1.47 4.09 0.58 -1.45 7.33 -5.22 8.39 -1.43 6.71 -8.21 1.04 3.41 1.54 0.4 9.53 0.05 9.7 5.46 -7.82 -6.94 -5.96 -4.96 1.55 -6.53 -1.75 1.2 -0.72
-0.42 -0.74 4.52 5.1 -2.56 5.64 -0.92 -5.52 -9.93 -3.23 8.46 -8.71 5.84 -6.75 7.9 -6.96 -7.55 -1.75 -2.63 5.16 -9.83 0.58 -2.57 8.81 4.61 -2.45 2.23 7.56 -8.61 9.8 1.34 1.79 7.08 6.03 -6.44 -5.27 5.14 6.83 8.06 -6.16 -6.49 4.0 -5.33 -0.2 3.1 6.68 5.62 5.46 0.4 6.89 -3.01 -8.23 -7.7 8.05 -0.84 -2.83 -7.35 8.33 -7.08 -3.64 -1.63 1.15 -2.71 -1.01 9.13 -4.42 -2.65 4.45 2.51 -9.17 -5.23 -8.33 8.12 8.24 6.47 -1.6 -5.48 5.86 4.2 8.56 -7.99 7.17 -8.35 -7.69
-8.14 -9.01 7.61 -9.63 -9.52 3.2 2.27 -6.07 -7.6 -3.45 3.93 9.41 7.75 -0.81 -4.13 0.18 -1.18 7.57 4.06 -8.0 7.42 7.7 -2.25 -9.89 -9.69 -5.6 3.01 8.52 -4.76 -1.27 5.01 -4.19 -0.67 2.44 7.98 -8.0 4.51 9.46 -6.98 -8.99 -9.94 -8.48 -6.05 3.12 -2.84 -3.06 -1.66 -5.36 4.82 -0.44 -0.36 6.76 -9.39 -1.38 3.7 -9.23 -5.83 -4.15 -7.07 0.91 -6.7 -1.21 4.5 0.74 -4.74 9.17 -0.96 -5.82 1.58 -4.77 5.54 -0.84 2.74 -9.96 7.18 -1.94 -3.78 -0.57 -2.86 7.93 -9.99 7.04 -2.83
4.24 4.04 -1.63 -7.84 -0.4 5.17 2.21 -7.96 -4.46 9.97 2.23 -7.74 -8.95 -2.17 2.87 1.22 3.11 8.24 6.02 0.01 -5.89 2.85 6.81 -5.71 7.79 2.93 7.82 -2.07 7.1 9.19 -7.44 -5.99 3.65 -1.37 -7.55 8.25 9.57 0.04 0.55 0.79 -7.94 -3.73 3.08 0.31 -6.14 5.15 1.24 -0.93 9.93 -3.86 9.19 2.19 0.77 7.42 -0.51 -4.11 8.4 2.04 -2.78 -4.63 7.52 -9.25 9.53 -5.51 -3.67 -0.96 -2.72 -0.83 -8.37 -9.59 -5.28 -8.65 9.83 -3.86 -2.32 -4.51 4.11 -9.85 0.68 -6.32 -3.65 -6.0
-5.49 4.06 8.24 -9.28 7.39 -1.66 6.03 7.7 5.56 0.17 1.0 7.99 0.75 7.38 5.62 -5.12 6.88 -1.73 4.83 7.05 7.86 -7.64 3.13 -5.87 6.48 -8.04 6.97 3.49 -2.04 -5.36 -4.93 -7.82 -7.08 2.52 3.3 -8.56 2.26 8.08 -2.86 1.69 -1.85 7.08 -6.13 -1.44 0.22 9.07 3.12 5.92 1.04 -0.81 -4.09 3.57 9.58 -3.57 -4.67 -7.66 9.29 8.26 6.47 -7.91 8.85 2.36 -5.08 -7.76 7.95 1.13 5.74 4.35 -2.6 -4.99 -9.14 4.27 9.12 -4.85 -0.7 -9.95 -2.8 8.3 5.38 0.63 5.27
0.55 -3.65 4.74 -4.81 9.84 3.68 8.98 -5.77 -0.03 6.65 -9.06 5.77 -1.04 8.27 0.19 8.77 -8.41 2.89 5.87 7.9 5.83 -0.18 1.97 -1.19 -7.17 -6.87 4.72 -2.13 7.8 -2.45 3.93 3.05 3.85 -6.15 6.53 -7.96 -7.92 -0.18 -0.17 -1.86 0.8 9.74 7.26 -4.32 -0.31 -6.87 -7.21 2.21 -1.55 -9.7 -3.9 -7.52 -6.58 -8.17 -5.23 -5.89 0.6 0.23 9.24 -7.71 0.9 1.63 6.77 1.08 -7.6 2.8 -4.05 6.35 -9.33 -7.88 -6.68 6.05 8.48 5.51 -4.05 9.36 0.92 9.59 0.15 -5.65
-6.31 9.33 6.17 -3.32 4.73 -6.96 -2.87 7.95 0.38 -8.71 9.73 7.62 -9.53 -5.43 -7.72 7.3 -9.15 -3.15 8.7 -3.32 -6.56 -9.35 -2.99 -4.06 7.63 3.51 0.71 5.63 8.85 -5.02 -1.15 1.67 -2.41 -5.44 4.39 8.92 1.98 5.38 -3.44 -9.32 7.06 -4.31 -4.86 6.18 8.78 7.47 3.62 6.73 -9.19 3.73 5.44 -8.43 -3.71 4.75 -2.0 -2.65 2.59 -8.4 -8.96 0.18 4.94 -3.54 9.14 -4.25 8.62 5.14 -9.21 -4.84 -3.05 -2.96 -7.59 -2.77 -4.6 9.37 -9.7 6.2 -4.15 -7.75 -7.92
2.38 7.3 9.54 7.47 -5.66 6.56 9.17 6.53 -9.96 -6.59 -5.44 0.68 -7.5 6.89 -9.36 -9.6 1.76 6.81 -8.48 9.68 -0.44 6.49 -9.51 7.73 1.94 5.9 8.0 -5.9 -8.03 -0.9 4.06 -5.03 -2.69 -0.13 -8.35 9.03 0.98 -7.14 0.04 -0.47 -0.22 8.81 -3.0 3.75 6.01 6.23 -5.75 -0.79 -0.38 9.59 8.46 -8.8 -5.71 2.78 -4.97 4.55 5.86 5.77 7.77 -3.34 -7.48 3.04 0.03 -5.7 -6.89 4.79 7.91 -9.17 -0.43 8.45 -9.76 7.28 -8.91 -5.01 -1.87 7.98 7.18 8.45
9.22 6.54 1.53 4.52 3.97 1.21 -8.03 6.06 2.33 -8.16 -3.32 8.22 -3.68 8.52 8.85 -1.33 6.75 -4.21 6.54 0.28 9.62 6.25 7.51 -0.3 -4.88 -7.82 4.12 2.65 -0.24 -5.25 4.26 -3.09 -0.14 4.08 1.62 0.65 6.16 1.13 9.61 -3.36 8.55 4.12 6.06 1.93 -2.05 1.01 -3.21 5.39 -5.33 4.54 -0.07 5.42 5.43 3.33 -3.09 2.6 -0.77 -0.62 8.37 0.45 4.97 -1.29 4.74 -2.11 -2.74 8.96 2.29 -7.99 -9.08 3.83 5.72 -9.17 -6.9 -6.62 -4.29 4.59 0.87
9.02 -1.46 -9.65 -4.13 -3.95 2.86 6.04 8.1 1.92 -5.88 -6.17 6.64 -8.56 -2.19 1.41 3.48 3.18 -7.65 2.74 -9.47 -4.3 -4.5 -1.32 -8.22 3.08 -6.94 8.57 2.19 -4.73 2.8 -3.16 9.77 -3.47 4.66 7.99 -6.51 1.35 -8.49 -8.74 8.63 -5.56 -4.76 -9.81 -7.99 -3.51 0.69 -5.6 -4.77 -9.46 -2.43 -2.85 -7.32 2.02 -3.32 1.04 3.4 3.3 -0.84 -5.82 -7.26 -6.15 -3.76 0.56 0.06 -4.97 8.96 -0.43 8.93 8.61 -7.54 -0.77 -7.66 -3.55 8.96 -7.16 -4.91
-8.73 6.82 2.08 -4.74 5.27 8.32 1.5 4.59 8.49 6.82 -9.72 -9.91 -1.15 -5.03 4.59 -3.98 -8.07 -4.68 -6.62 2.81 -2.65 -3.02 0.54 -2.41 2.84 -6.67 7.11 -8.8 2.53 -2.25 8.88 9.24 -3.14 7.91 -0.14 -2.82 1.51 -7.63 -2.85 -3.34 -9.26 -9.03 -4.51 -1.66 3.04 6.07 -4.41 9.69 1.16 3.18 7.78 0.52 2.81 -8.24 6.9 0.86 9.76 3.99 -1.66 -8.57 -3.68 -0.81 3.84 7.8 -9.07 -2.42 -8.29 -2.22 -6.52 4.31 7.52 5.31 -9.22 8.6 -2.14
3.8 -5.12 8.84 -6.71 -4.55 3.94 1.09 -3.85 3.14 1.09 8.42 9.7 6.44 -2.28 -5.0 8.43 2.41 -2.91 1.14 7.36 -6.99 7.63 3.79 -3.04 -8.31 3.19 2.27 5.45 -6.59 -0.65 -0.6 -7.61 5.68 -8.36 5.18 0.23 -6.9 -3.39 1.97 -7.59 0.9 6.77 -0.2 9.41 0.5 9.5 -0.89 1.55 3.59 6.7 -8.31 -1.75 8.78 0.69 1.77 -5.91 -1.27 1.83 -8.01 4.28 -1.19 -8.19 9.63 -3.81 -6.95 -7.42 0.6 2.28 -3.95 9.66 -9.57 2.34 -0.34 -6.39
-7.11 4.75 -1.27 6.69 -9.15 2.4 7.25 -6.19 1.03 3.72 3.34 -6.48 -8.99 -9.62 9.04 -1.88 5.12 -5.71 -4.39 -0.55 2.95 -9.62 5.92 -5.21 3.8 6.88 9.64 -5.9 -7.58 1.19 7.14 1.37 2.97 -7.65 -2.86 -2.79 -5.96 -2.47 -5.75 -2.6 1.24 -4.07 -7.41 -8.07 -2.48 -6.67 9.38 7.47 -0.6 3.34 6.56 8.43 2.29 -8.61 5.14 0.23 4.57 0.83 7.7 -6.81 -5.28 9.19 -3.15 7.21 3.99 -3.14 -5.2 -8.29 -4.11 -9.63 2.65 5.3 2.92
7.43 -5.21 -3.38 -0.15 -9.9 -7.25 -5.34 -0.35 -4.56 -0.74 3.2 -4.92 -4.61 -1.89 -2.45 -2.94 7.1 0.29 -3.55 7.78 -5.88 8.43 -5.39 -9.94 -2.03 4.55 1.63 -9.44 7.19 8.21 -2.25 -0.26 -6.52 -7.26 0.82 4.89 1.78 -6.61 3.29 -7.1 -4.99 -8.65 -6.15 -8.47 -7.88 -7.28 3.3 -4.81 -3.15 -7.45 -9.84 5.74 6.16 -4.03 -8.68 -3.55 -1.93 -5.67 -8.55 2.25 9.44 6.75 -6.85 5.32 -7.23 -2.99 -5.48 -6.61 6.69 -0.24 9.4 1.77
0.09 9.68 7.56 -0.36 -7.48 8.56 4.16 -0.95 1.02 3.13 -2.53 2.16 -8.86 -5.77 -5.6 4.01 -5.15 -8.45 -0.08 9.5 -5.95 6.03 -7.13 1.08 4.64 8.76 6.24 -8.04 4.63 -6.54 -1.54 3.52 -7.52 -5.22 8.34 5.11 8.1 -6.97 2.24 3.69 4.4 9.9 -5.3 -3.22 5.25 3.13 7.42 6.9 3.16 -7.25 -0.74 8.23 5.87 1.93 -8.84 1.26 -9.84 -4.34 -9.83 6.29 -5.77 -6.46 3.2 -0.86 6.8 -5.0 -0.91 -7.71 0.2 -4.44 7.66
-1.73 6.77 1.13 3.73 3.59 -7.66 8.29 -5.6 -4.49 4.55 1.01 -9.32 -4.26 4.06 4.17 4.62 -9.51 -8.08 -6.55 7.76 -4.94 4.28 1.87 1.74 2.54 -3.22 8.15 -5.51 -3.47 1.89 -1.54 -4.96 7.85 -8.53 1.99 8.88 7.14 -4.24 3.49 1.18 1.49 -5.96 -0.21 -3.32 -7.56 -1.68 9.09 2.42 -7.87 3.98 -6.25 1.61 2.64 9.87 -9.8 -2.46 1.86 4.83 -5.32 -2.18 2.96 -2.99 5.48 -0.76 0.04 8.62 7.05 3.02 -6.51 8.52
-0.66 6.04 8.23 7.39 8.36 6.46 8.1 -6.78 8.13 -6.66 -5.6 -0.65 -7.51 -5.36 7.53 -0.23 -4.9 -4.88 7.3 3.67 9.02 8.19 9.22 4.85 -8.39 0.49 0.71 -1.17 -5.51 9.96 8.51 9.82 2.43 -1.75 1.89 -3.18 5.91 -1.97 -9.02 -0.55 7.63 -4.65 6.47 1.15 2.43 9.72 2.99 -8.54 -4.37 0.71 -7.03 -7.87 -5.36 -4.73 -5.22 6.29 8.56 3.26 8.81 -0.96 2.66 -6.35 -3.0 -7.99 -3.51 9.85 5.53 5.16 4.59
-7.35 8.5 0.96 -1.34 3.19 8.59 7.18 -6.61 0.86 5.68 -2.13 1.97 -7.73 -8.24 1.79 -9.66 -1.45 -8.37 9.99 6.85 -2.99 4.32 8.32 -3.44 8.95 -1.78 1.36 0.92 -7.36 -6.98 -4.77 6.09 -1.26 7.93 2.41 -6.64 6.13 4.45 6.08 6.06 -1.05 8.37 -1.82 -1.72 4.65 -1.86 0.93 -6.96 -1.79 5.36 -3.87 6.77 3.0 -1.44 -0.88 9.41 4.08 -9.25 -1.84 -6.24 -9.61 7.65 0.19 8.37 -4.67 0.14 -7.2 9.13
-0.41 -8.18 -0.48 5.09 -6.79 3.26 -9.19 -5.94 -1.48 -5.67 8.71 -9.16 6.68 -3.19 8.89 8.76 -2.7 -8.05 9.2 1.03 -6.42 5.88 7.81 0.59 9.45 -7.73 -7.24 -9.4 8.3 2.14 2.81 -2.13 4.75 6.09 -8.76 -6.61 4.13 0.47 3.66 -8.81 -8.94 4.3 -3.11 -2.28 -6.58 -3.52 -1.38 -6.16 -3.06 -7.54 8.15 -2.21 2.81 8.31 9.33 1.48 -6.25 3.52 5.07 -9.05 -5.03 -4.43 -5.97 4.74 5.55 5.65 9.38
2.96 -7.07 -2.75 4.16 -6.08 -9.26 1.79 -7.01 -7.73 0.98 9.21 3.66 -3.22 -0.2 3.04 6.65 -4.95 -4.41 -6.11 -8.02 1.06 2.52 -2.08 8.33 -1.02 -8.54 8.14 -0.47 4.33 -4.17 -3.97 -3.75 -5.48 1.89 -0.36 7.56 1.37 9.46 -4.07 1.98 -2.8 -8.53 9.86 -1.04 9.85 -8.31 5.44 -2.92 8.43 6.41 -7.38 3.31 8.43 9.5 9.54 -2.08 5.52 4.64 -3.65 6.9 0.78 3.4 8.63 0.26 -4.82 -5.63
9.92 -0.02 4.18 1.78 -9.57 8.01 8.05 -9.28 -5.58 6.11 -6.36 3.64 -4.46 -8.55 1.18 4.4 -7.64 6.55 9.69 0.08 1.03 2.28 3.29 6.93 3.51 3.05 -0.6 5.0 4.0 9.9 -8.19 -6.05 7.41 -3.77 0.56 9.59 0.82 4.47 6.95 0.1 7.19 6.74 -2.55 -9.71 2.25 1.35 1.04 -5.91 -8.8 4.97 4.8 -5.2 1.05 3.92 3.97 -1.41 -1.22 -5.73 -7.79 -8.79 -5.62 3.67 3.85 -1.51 -8.39
-8.76 -2.62 0.29 -4.68 4.6 4.73 1.23 6.18 -2.87 -5.08 -5.64 7.8 7.81 5.97 7.45 2.24 -7.24 -6.47 -7.67 3.91 -10.0 -7.06 5.76 -6.51 2.02 8.01 8.63 7.17 -9.85 3.55 1.21 -4.88 3.65 8.0 2.21 -2.62 -6.92 4.62 -3.44 -4.93 2.63 2.39 9.31 -0.01 -2.88 -4.44 -9.3 5.94 -4.76 8.59 -4.56 6.2 -5.51 -3.08 -9.55 7.04 -4.39 7.74 -3.56 4.74 3.12 8.13 4.47 -2.43
-7.74 0.99 -2.7 3.95 7.57 -5.35 -9.73 9.78 2.18 1.18 6.06 -8.78 -9.75 8.11 5.45 -6.93 1.63 -7.24 1.51 8.8 -3.52 -6.69 -0.89 -9.77 8.95 5.99 -8.73 -3.66 0.07 7.74 -3.01 1.01 1.31 0.12 0.33 3.07 -8.33 1.8 6.3 -6.9 2.16 6.99 4.47 7.43 6.82 -3.32 7.83 -6.44 -2.52 7.0 9.62 7.51 1.0 -0.53 -6.76 9.65 -1.85 4.29 -7.13 -3.0 3.82 0.3 -7.18
1.54 5.03 -8.75 -9.58 0.74 -3.86 8.28 8.07 -1.06 8.13 -4.14 0.39 9.59 -3.51 -0.9 5.8 -7.64 -8.09 -9.49 6.75 -7.67 8.25 -9.35 1.35 -7.15 0.2 0.66 9.83 -1.3 -1.41 7.63 -6.14 3.47 -3.3 6.81 -4.72 8.98 -1.06 7.27 -9.47 6.04 5.86 -8.16 -9.37 -4.81 6.08 -0.54 -7.49 6.12 8.18 4.75 7.39 -0.54 -3.68 4.79 5.04 -5.29 -6.99 4.22 0.99 4.92 4.92
5.22 -4.51 -9.97 9.66 -5.53 -7.66 2.91 -4.56 -0.78 6.96 4.96 9.17 -4.01 -1.22 -4.85 -2.41 1.36 3.27 6.94 -0.12 -1.83 0.05 2.06 7.18 4.94 3.32 0.41 -3.94 5.7 -0.06 3.56 5.51 -8.62 -5.55 1.88 -0.45 6.82 1.06 -4.25 8.76 2.71 -9.72 6.97 4.59 2.94 -0.26 -6.71 9.45 -0.88 0.05 7.73 -6.31 -9.68 -1.59 9.66 1.51 9.94 -0.28 -6.15 -1.52 -3.09
3.51 6.65 -2.63 0.82 -7.11 0.95 1.74 -6.74 -8.31 2.93 5.43 2.57 0.75 -2.51 7.32 7.62 -9.36 -0.75 8.09 -2.01 1.45 -3.24 7.85 -9.06 2.55 -0.96 2.1 -9.47 -3.12 -3.24 -6.63 -4.14 -9.34 -0.14 -5.22 7.82 -1.82 0.02 8.85 -4.52 -8.37 -0.77 -9.55 3.26 -1.07 5.82 -1.36 -9.44 -9.8 -1.02 -1.64 6.53 7.8 6.69 -7.37 -2.08 -5.59 -5.42 7.57 -4.05
-5.38 -0.93 6.06 -1.75 4.61 9.4 -9.62 8.31 -9.83 -2.84 4.84 -1.34 7.88 3.74 0.3 -2.63 1.41 2.04 2.69 -8.41 1.91 6.68 -2.75 5.13 8.52 8.48 0.86 -0.74 6.43 4.38 -7.01 -5.86 8.57 -1.16 -6.21 -6.76 9.6 9.62 3.46 1.84 -9.12 2.17 -8.96 8.48 -6.09 -3.26 2.72 3.83 -4.48 -9.89 -8.72 7.67 3.74 -4.26 -6.77 1.57 -8.53 -7.14 -3.75
-5.48 -9.41 4.61 5.19 -9.94 -0.18 4.53 -1.18 -7.23 3.29 9.47 3.54 5.44 5.64 3.09 9.26 1.44 -4.95 1.11 8.76 -4.69 -8.75 -2.03 2.33 -3.63 6.52 -4.03 0.16 8.72 5.4 6.45 1.06 0.74 8.61 0.99 3.56 -7.1 0.73 -6.37 -0.54 -0.07 -8.96 2.05 -1.95 -4.1 9.92 -7.71 6.26 7.43 -7.73 -3.56 5.58 -0.69 6.96 9.55 2.49 9.51 -7.73
-5.28 -7.27 -5.52 -7.68 0.22 2.55 -1.63 6.92 -3.54 0.92 -9.42 5.58 2.06 -0.57 -0.9 9.97 -8.01 4.24 -8.42 6.06 -5.19 3.32 0.72 -6.69 4.3 2.82 3.13 -1.72 -2.68 5.92 -0.02 -1.77 -8.25 4.38 4.78 9.98 -8.53 8.54 4.53 1.47 -0.39 -5.34 5.53 -3.91 -9.38 -4.62 2.04 6.12 -5.36 4.32 2.67 8.37 -4.75 0.27 1.05 -8.94 0.41
7.13 -6.88 -2.67 9.27 5.52 -2.64 8.86 2.05 4.87 7.6 -4.3 -2.53 -7.95 2.52 7.39 7.07 7.91 -2.13 0.41 -7.85 4.61 -2.28 -5.02 9.77 6.58 -7.57 -9.1 9.31 -9.57 -7.96 2.63 -3.85 -0.19 -4.87 7.48 9.02 -3.97 -4.86 2.17 -7.76 4.55 0.02 -7.16 3.25 -4.93 -8.52 4.4 -8.08 -3.45 -7.37 7.93 -6.98 -6.29 4.33 -2.83 1.36
-8.52 -0.86 1.9 -5.29 -7.9 -9.46 4.27 -2.96 5.75 -8.63 -5.87 0.8 5.86 -0.53 -1.47 -1.15 -7.11 -1.49 -3.87 3.19 8.56 -4.69 3.22 0.91 -8.87 5.08 -7.43 -7.8 3.46 2.52 1.31 3.44 5.21 7.3 9.89 2.44 -2.05 3.48 6.26 7.35 -9.12 2.89 8.39 -6.27 -4.92 9.62 5.36 -8.2 5.63 3.51 8.17 9.49 -0.03 0.68 -9.2
0.99 -7.89 0.3 8.87 -4.7 5.41 1.02 7.53 4.15 -4.93 -1.9 -5.68 -4.99 -2.76 1.08 -8.25 -3.55 5.78 -7.78 -7.01 -4.14 6.01 -7.31 7.97 1.39 1.22 0.61 -5.53 -8.09 5.81 -2.35 7.73 -7.84 -3.87 6.51 0.64 -0.61 -9.95 -8.91 1.0 -2.95 -0.4 8.18 5.39 -3.01 1.45 -5.05 -7.49 7.51 7.31 0.74 -0.33 -1.51 4.56
8.0 2.17 -9.89 -0.92 -8.57 8.58 -9.7 -0.09 -9.22 -5.96 2.68 0.11 -8.8 -6.15 -4.77 -7.96 8.09 -9.29 4.46 -6.4 8.18 -1.23 6.51 6.94 -6.08 -2.92 2.49 9.25 -8.02 -9.3 3.47 -6.32 -3.16 -7.8 -3.3 8.59 7.17 -9.92 9.42 -5.15 -6.18 -4.92 1.71 -6.39 -6.89 5.13 4.75 -3.83 0.75 -8.53 5.63 -8.91 -7.57
2.74 -7.94 -2.46 -2.4 -3.33 -2.29 7.34 6.01 1.57 1.23 5.98 6.63 -8.83 9.66 0.88 -6.21 1.5 -0.71 5.17 -7.54 4.9 -8.27 -8.63 3.57 3.35 3.47 -1.76 -2.28 -4.13 -1.59 0.52 -0.48 -2.98 -0.92 5.69 8.14 8.57 7.13 6.13 -3.53 8.03 0.06 -1.13 4.34 8.88 4.6 3.71 9.76 2.1 -5.93 -4.99 1.79
3.05 8.43 -4.99 7.63 -7.86 -1.9 5.54 -1.55 -3.98 -1.53 -0.54 1.06 -5.65 0.62 6.53 2.0 8.18 -2.33 2.5 -1.0 -0.33 -4.11 0.5 6.8 5.65 5.1 -4.71 5.79 -9.22 1.65 6.31 -9.0 1.19 0.08 -2.55 0.52 5.44 0.92 -7.1 -1.71 9.77 1.69 8.27 -4.42 1.39 7.03 -6.13 0.41 -9.6 -4.73 -7.99
-8.08 -0.22 7.39 9.28 -0.92 5.43 0.45 -8.36 -3.35 -0.75 1.86 -3.76 -8.69 4.52 -5.82 1.95 -2.72 4.11 -6.0 1.28 4.75 4.69 8.03 0.8 -5.7 0.35 -6.16 4.42 4.08 -8.96 -6.89 2.37 -1.59 0.63 -2.87 -0.52 -9.68 -8.83 1.92 9.08 -3.51 -3.75 -0.43 -2.92 0.47 7.64 -6.17 -6.14 -0.13 -4.28
-0.21 -1.46 1.77 3.79 7.25 4.38 4.14 4.49 9.6 9.6 -0.23 -1.34 -2.52 9.28 6.43 -7.19 -3.15 0.02 4.55 4.75 -3.49 -1.43 0.05 -8.36 -7.77 5.23 -2.81 -5.29 -0.14 4.17 0.53 -7.48 -6.78 7.27 -2.77 -2.4 -1.16 2.79 8.75 -0.55 -3.66 -3.05 5.12 7.18 -0.37 -5.6 8.43 6.53 7.23
-2.6 -3.66 -8.35 -5.84 -0.65 -8.59 -1.78 -5.46 7.43 0.53 8.01 -0.1 5.92 1.38 3.3 -9.24 8.9 7.0 6.38 2.06 3.13 -9.72 -9.85 5.43 0.65 8.59 -7.08 4.89 -3.12 0.63 1.35 -3.23 -5.7 8.17 -7.69 -8.32 3.24 7.32 -3.65 0.59 -6.92 1.01 -5.57 8.22 -3.58 -8.7 -4.39 -7.99
-5.45 2.27 -4.16 5.78 -8.7 -5.4 6.48 3.69 -4.91 0.75 -9.46 7.45 -7.89 7.98 -9.59 4.71 -6.44 -8.21 2.0 -6.76 -9.08 -8.1 6.65 6.44 3.02 -9.02 -6.82 -3.37 -1.74 -1.01 3.07 -8.23 -7.17 -5.49 7.32 7.49 9.7 -0.33 0.28 1.56 -9.2 8.18 -8.75 7.91 -8.03 -1.15 0.18
-6.59 -0.3 3.34 7.62 -4.21 -6.14 -8.91 -5.77 -5.25 -2.6 8.29 3.52 -3.02 8.19 8.11 -3.82 3.26 3.46 -6.19 -6.16 -3.08 -2.41 -7.13 -8.42 1.27 8.79 -0.01 -0.96 7.66 7.15 -4.16 4.42 6.03 2.75 -6.92 0.09 -8.81 -6.44 -2.32 7.78 5.07 2.56 1.75 -5.63 7.65 -1.81
-7.36 -5.86 7.57 0.65 2.59 0.14 7.14 2.64 7.44 9.51 -5.83 -8.41 -8.71 -9.76 -8.02 -3.52 -6.55 -2.3 8.37 3.44 5.53 -6.59 -1.82 -2.67 6.34 -3.26 -2.6 2.82 -3.51 0.03 -3.47 9.52 -5.69 -5.36 6.15 -4.12 3.92 2.41 -5.59 -2.62 -8.64 5.62 -6.3 -7.2 9.48
7.24 6.17 7.54 -9.4 -2.7 3.11 2.3 -4.26 -9.39 -1.81 3.92 -2.05 -9.72 -0.19 -9.72 8.57 4.61 -8.23 9.21 -3.02 -7.12 9.18 9.0 0.11 -7.68 7.54 4.84 -1.26 5.37 -0.5 7.78 -4.51 6.46 -0.15 -7.64 8.69 7.9 -1.16 2.98 8.91 5.68 5.99 -1.17 -1.57
9.79 -9.96 8.91 2.12 -7.99 -2.46 1.32 -2.3 6.17 -5.61 8.47 -9.01 -6.73 0.65 8.16 -7.53 0.85 1.41 6.63 -7.48 -5.88 -0.37 -0.6 -5.07 9.01 -6.77 -9.59 -1.32 2.68 6.75 8.69 -0.3 -0.98 -5.33 6.34 -4.86 -3.15 4.75 -1.96 5.07 -2.85 4.06 -6.98
-7.53 -5.15 -1.2 7.97 2.66 -4.98 9.0 9.11 -8.95 -3.42 1.42 -7.07 -0.53 -3.27 8.86 -5.21 2.57 -3.26 -0.27 -5.59 -5.49 -8.7 -6.99 3.76 -9.92 2.0 4.7 -9.24 3.75 8.17 -5.14 -5.18 9.76 0.38 9.96 2.13 6.08 9.81 -4.84 -7.23 -0.82 6.23
9.8 5.28 3.51 9.6 0.23 2.66 -2.84 1.87 -8.47 -2.28 0.38 -5.82 1.59 -4.64 -7.46 0.39 -4.87 2.08 -4.28 -0.26 1.12 -5.83 -0.51 7.74 -2.14 8.18 -8.74 3.3 -5.45 9.97 2.01 4.18 -4.84 -5.16 2.6 9.35 -6.0 8.33 -0.75 6.37 -0.33
-2.68 -8.99 -8.89 0.14 -8.7 -7.71 -2.01 -0.65 9.33 1.35 8.64 -5.44 -1.04 -1.4 -9.7 8.81 1.27 0.78 -5.5 3.79 7.99 -3.23 -0.1 5.94 5.65 -8.53 -7.63 3.17 5.85 0.32 4.85 -4.13 6.46 1.28 -1.59 -9.16 -3.96 -2.13 -0.92 1.07
7.54 -3.03 -0.19 -7.43 1.85 -5.76 -8.68 -1.69 -3.31 2.39 0.53 3.41 -2.21 -0.93 2.27 -5.61 7.58 -8.08 8.74 1.51 2.33 -9.17 6.15 4.28 7.1 2.16 -7.39 3.08 -6.57 -3.86 -0.28 -6.71 3.36 2.67 -5.61 6.57 -3.44 4.36 8.94
4.77 8.73 2.36 -8.7 -8.04 0.89 -9.66 7.32 5.49 7.73 6.6 -5.91 2.31 7.39 -1.78 -2.58 2.51 9.24 -1.5 -9.4 4.93 2.8 -3.8 2.99 -5.78 -2.1 7.33 7.96 9.36 4.64 8.47 9.43 -5.25 3.55 9.42 8.98 -2.77 -9.06
2.09 -8.56 -4.91 -9.7 -2.69 -5.91 1.22 4.77 1.58 9.23 -2.55 -1.58 -2.82 -7.62 -3.57 -8.39 3.74 -0.41 8.0 5.39 -3.06 5.27 2.7 4.44 1.87 -2.43 9.19 -8.04 -7.64 -0.78 0.51 -8.38 7.39 -0.9 -2.32 5.89 0.06
1.91 -8.06 2.12 6.58 -0.93 2.51 4.42 5.03 -7.23 -4.63 -2.17 -0.92 4.28 -9.32 1.1 -3.95 -9.65 -2.47 -1.39 -3.66 -7.05 -3.92 4.39 8.75 1.33 0.86 2.01 3.49 -3.91 4.58 8.55 2.11 -8.37 1.41 -6.18 1.69
-1.87 -2.73 7.44 -4.43 6.57 -4.33 2.07 -1.98 -4.05 -6.86 -0.29 -0.37 -1.15 -6.25 9.13 9.13 -1.32 -2.28 -0.65 6.94 6.39 3.57 5.45 9.24 9.93 1.21 2.0 7.73 3.14 -5.95 2.58 -4.07 -3.25 6.56 9.68
7.35 -5.52 -2.16 -4.18 -9.18 4.77 3.18 4.28 -4.8 5.37 3.81 -4.74 0.11 9.48 -6.87 -5.36 -7.47 -0.21 7.56 -7.66 -2.05 6.25 -6.96 4.53 0.83 -7.05 1.69 2.49 -1.72 3.83 -5.42 -2.71 8.3 1.24
-1.8 -6.25 4.66 9.48 9.47 -0.25 8.17 0.58 -1.57 0.7 -7.94 -9.51 3.32 2.96 3.23 -8.09 3.14 -9.86 4.29 7.67 9.78 -9.92 -0.89 4.96 -0.37 4.63 3.46 7.09 9.25 -4.23 -0.14 3.16 5.57
9.58 -5.5 -2.22 -3.75 9.69 9.39 3.03 3.66 9.56 -4.56 -9.88 -9.21 6.35 -6.19 9.03 -5.34 -9.12 5.48 4.68 9.42 8.45 4.49 -3.13 -4.23 7.69 -4.84 -6.71 6.3 -4.68 -4.46 7.0 7.79
9.01 0.94 -5.67 7.32 -8.4 1.54 5.39 8.0 5.35 -8.37 -9.11 -9.28 9.53 -3.46 0.5 -0.79 -2.13 -7.14 -1.13 -9.05 0.47 3.22 6.08 -5.51 9.85 -9.27 8.96 5.88 -6.05 -9.26 -0.24
-8.64 -7.94 5.43 -5.66 -4.68 2.4 7.0 2.74 6.37 -0.07 -1.62 3.44 2.91 -2.24 -6.37 -7.56 3.74 3.56 -5.83 7.63 -3.87 -2.25 -0.04 1.53 1.31 4.53 3.65 -7.12 5.15 -8.06
0.54 0.32 -8.57 -4.04 -6.07 -8.91 0.3 -7.12 -3.09 9.05 5.24 4.97 -4.31 9.11 0.59 0.32 -4.95 2.37 -2.61 5.4 9.41 5.33 -1.34 6.8 -6.65 -0.45 -3.35 5.46 5.07
-6.27 -8.09 -7.43 6.76 -2.31 -9.68 -2.25 -5.29 -3.36 -9.45 -6.95 5.23 4.28 5.31 9.22 -2.15 -1.21 8.67 -4.62 2.1 -7.63 5.55 5.45 -3.4 9.39 -5.17 1.28 4.05
0.93 -0.58 -2.67 -0.55 4.57 7.04 1.14 0.84 2.37 0.97 -7.46 -5.59 -9.07 -6.81 -8.73 -9.54 -0.33 -5.81 8.88 4.52 0.31 1.87 -9.09 -0.27 8.53 2.17 9.91
8.62 -9.58 -2.74 -9.23 4.78 4.83 -2.04 -9.74 -6.49 8.98 3.17 1.02 0.88 0.73 -3.37 -9.26 -4.09 2.11 -4.67 5.19 -7.9 -4.26 -5.32 4.67 4.24 4.71
9.98 -7.12 -3.14 -4.31 -9.44 3.39 9.57 0.39 -2.24 -1.08 1.76 -8.74 6.25 3.86 8.28 -4.73 -4.44 -4.2 8.51 3.59 -1.83 -1.83 -6.06 5.11 4.94
8.17 -4.25 2.38 -1.93 -0.6 -2.16 5.24 -0.05 -6.46 -5.34 6.41 -5.94 4.19 -6.1 2.06 -4.61 0.2 -2.25 4.4 -7.92 2.44 -9.58 6.73 -4.92
-1.7 4.87 -0.29 -6.11 9.9 7.51 0.08 8.04 -1.92 -5.48 -9.55 -5.99 5.47 -2.55 -5.21 8.84 -0.96 1.32 9.82 1.73 -2.96 -2.79 -1.62
-1.26 6.84 -6.84 -3.74 -5.61 -5.55 -0.24 -9.84 4.46 -1.61 8.48 3.09 -0.53 5.93 -3.57 -9.95 9.73 1.01 5.87 8.42 2.12 3.67
-7.73 0.89 1.87 -6.92 -6.5 5.82 -7.59 1.71 -8.04 3.67 -7.96 2.17 6.94 3.76 8.89 7.69 7.37 5.41 2.39 -9.88 3.17
7.71 3.47 -3.59 8.75 8.94 -6.9 -2.47 -5.31 4.14 -0.59 -8.04 0.8 -3.95 -9.77 1.97 8.14 -6.95 6.61 5.59 5.44
7.17 5.04 -6.66 7.42 -4.66 -2.89 3.57 7.06 -6.86 -4.47 4.32 1.3 6.08 -2.59 -2.49 -6.12 -5.02 -5.91 -2.85
-5.75 1.29 5.49 -5.23 -7.19 4.93 -5.69 8.43 -9.7 9.92 -4.15 8.8 0.45 6.01 3.67 -6.75 7.0 -3.49
3.0 -9.13 -1.78 7.56 -7.97 5.86 0.21 -6.95 10.0 -7.43 6.7 2.28 4.65 -7.54 1.6 5.94 1.18
-3.33 -7.73 7.76 5.28 6.29 -8.26 6.32 -5.78 -3.86 8.5 -9.26 6.94 -3.93 -6.96 -0.81 -1.5
-0.15 1.31 7.99 -7.21 2.48 -6.97 -6.68 7.28 -6.26 -3.73 7.42 -8.39 -6.55 9.25 -4.78
1.35 9.46 2.94 2.88 -6.55 -4.29 -1.54 6.9 4.3 -9.93 9.31 -1.9 3.68 4.68
2.01 -7.78 9.41 -2.66 -5.47 -1.3 0.15 -9.91 -5.2 -4.56 4.99 -4.93 -7.19
1.74 8.44 -7.45 -0.4 7.86 -7.33 7.72 -3.82 4.13 9.06 8.63 2.34
5.78 -6.63 -5.86 -4.04 1.28 -8.94 2.57 7.68 -0.1 -1.38 8.08
9.77 2.21 2.92 1.73 -1.78 -4.7 3.68 4.6 1.06 -7.98
4.42 -3.47 -0.72 -5.56 0.97 0.77 3.89 -5.2 2.0
9.47 -3.26 -2.12 -9.57 -7.05 -7.43 9.76 2.75
0.36 1.22 1.35 -5.0 -4.08 7.7 9.4
1.5 -6.34 -4.37 1.32 4.37 5.33
-6.3 -0.53 -4.36 9.6 -1.07
-3.65 9.76 3.31 -1.13
-8.64 3.48 -1.46
2.45 6.9
2.71
