25
3 3 3 3 3 3 3 3 3 3 3 3 3 3 3 3 3 3 3 3 3 3 3 3 3
0 8 3
1 24 10
2 8 14
3 23 6
4 3 2
5 23 0
6 18 23
7 18 0
8 11 10
9 23 11
10 20 3
11 14 8
12 22 6
13 0 2
14 9 0
15 8 17
16 14 0
17 14 12
18 9 5
19 22 3
20 14 23
21 20 5
22 15 19
23 10 19
24 20 13
-5.94 7.52 -5.92 7.69 7.62 3.52 -9.61 2.99 -6.8 5.75 4.66 -9.84 -1.46 -5.93 8.89 2.91 4.67 -4.47 5.05 7.31 -6.33 -7.87 -9.46 -0.08 -7.84
-0.8 -7.04 -5.56 4.1 9.34 6.99 -2.59 0.33 -5.44 4.35 3.34 4.98 -4.07 8.93 -7.24 -6.7 3.72 3.72 -5.61 -0.12 -1.4 -2.7 -1.23 2.63
-3.77 1.97 3.41 0.12 8.06 -5.03 1.91 3.5 -0.73 -4.04 5.53 6.18 -7.3 -0.09 9.73 8.55 7.96 4.55 0.97 -1.18 2.24 7.75 -0.96
-2.69 3.25 -8.01 2.55 -2.16 6.29 -2.72 -5.34 -0.84 8.16 -4.25 -2.57 5.72 -5.72 1.77 -9.45 0.02 -4.43 -6.0 7.22 -8.36 -5.13
0.1 -1.24 -4.44 2.43 7.5 -1.65 6.54 -1.02 -1.71 -6.06 4.66 7.54 -8.62 3.95 3.92 -8.72 -0.22 9.5 7.47 -2.36 0.56
-7.22 3.96 -9.02 0.02 8.75 1.85 3.05 -1.32 8.57 5.95 -2.9 5.27 3.31 0.09 -5.24 -4.49 -2.72 5.73 9.15 5.9
0.25 -2.3 9.97 5.17 1.5 9.82 2.36 -2.28 2.23 -1.01 8.05 3.5 6.36 -5.26 -1.02 9.85 1.27 9.08 -6.09
3.72 1.28 8.19 -7.87 -5.04 -9.38 -4.59 -0.41 5.13 -4.57 -1.79 -8.99 -8.78 1.55 -2.25 -7.43 -7.52 -5.13
-1.49 0.53 -0.92 7.4 -5.42 -2.33 -2.74 7.45 -1.51 3.93 6.28 1.76 3.91 -4.48 4.45 9.29 3.79
-5.54 6.52 -8.2 9.23 0.17 4.27 -1.86 -7.19 0.7 3.99 7.17 8.32 -4.88 6.57 1.83 3.36
-6.77 -3.61 -8.89 1.75 0.13 -0.31 2.87 -1.78 -8.48 -1.66 0.66 4.03 4.87 -9.94 9.26
-5.67 3.53 -6.04 9.83 4.61 -1.48 -2.74 -1.14 -6.69 -3.56 -5.46 8.13 -9.01 -0.39
7.79 2.89 -2.71 -8.49 -2.36 -9.42 -5.32 -8.67 -1.06 -7.67 4.01 4.1 -1.85
-1.46 7.5 -2.31 -9.84 -4.84 2.56 -9.23 -9.51 9.78 7.42 3.97 -7.91
8.03 -6.93 -1.11 2.49 2.06 -4.82 -7.1 3.67 -9.94 -3.26 -7.07
9.53 2.23 -4.3 7.88 -0.74 3.78 -9.61 4.66 3.03 3.07
-6.34 3.91 9.79 -3.8 0.08 1.57 -6.98 -0.94 7.45
-1.64 2.75 -1.69 3.07 0.88 1.91 8.53 1.8
-4.66 9.71 9.38 -6.21 9.58 1.81 3.8
-3.05 -5.73 -3.61 -9.35 4.23 -1.2
-1.49 0.28 -9.53 0.54 -2.72
5.08 -2.04 -1.01 -2.05
-8.41 6.38 -5.64
8.94 2.25
4.91
