25
5 5 5 5 5 5 5 5 5 5 5 5 5 5 5 5 5 5 5 5 5 5 5 5 5
0 7 2 24 6
1 24 3 23 21
2 0 8 18 13
3 1 8 18 19
4 3 10 14 5
5 12 11 17 8
6 20 24 7 2
7 21 12 23 5
8 12 9 1 15
9 16 24 15 19
10 17 18 24 5
11 0 1 17 5
12 24 22 18 5
13 3 12 7 14
14 24 11 20 7
15 9 23 6 21
16 2 10 13 15
17 3 1 9 23
18 19 2 24 15
19 7 16 24 15
20 17 6 22 0
21 22 16 12 13
22 5 9 14 4
23 3 8 16 6
24 6 9 19 3
-2.45 1.05 2.58 -4.51 6.18 -1.37 1.65 4.96 -9.68 -3.68 1.76 0.2 -6.17 -1.55 -3.33 4.66 3.71 -4.28 2.13 1.76 3.18 3.0 2.79 1.71 -6.22
9.19 -3.63 7.97 -2.06 9.61 7.88 -9.79 -3.4 -9.68 5.27 7.52 3.5 -8.2 -3.8 3.61 -0.26 3.82 9.42 -9.89 6.44 0.76 -4.11 1.07 -9.88
-7.14 -2.16 7.63 2.14 -0.06 6.6 -5.9 -7.88 6.06 1.42 9.7 -2.8 5.52 8.39 1.79 1.85 8.75 -7.35 0.06 -9.7 -2.82 6.05 7.36
8.79 -1.24 5.44 4.55 -5.91 1.41 -1.77 5.21 -8.54 -5.18 -6.53 -2.08 8.67 -2.11 -5.21 3.73 5.05 -9.32 0.74 -0.18 5.3 -1.47
0.97 -2.12 1.37 8.62 -0.17 8.33 1.89 8.54 -8.4 -3.55 -1.36 8.73 8.89 -7.6 -6.18 0.93 -1.85 -3.89 6.22 4.4 -3.26
5.85 -9.04 -9.47 6.59 5.95 -3.56 -4.36 7.55 1.4 -8.94 -2.17 5.59 6.71 8.19 2.45 8.54 6.79 -1.28 0.55 0.63
-5.84 0.46 -0.13 -5.64 8.38 -9.11 -2.93 -2.68 8.22 5.19 -7.84 -2.15 7.87 3.86 3.3 -8.44 7.65 -8.41 3.24
-4.48 -8.11 -4.19 7.02 -3.38 -4.44 -8.12 -8.62 -1.61 3.91 0.42 -9.51 -5.2 4.62 4.62 -0.95 9.01 2.11
-7.3 9.58 -4.49 7.04 7.8 2.6 2.78 1.73 -9.07 -4.65 -9.79 -1.65 -8.06 -1.33 2.87 -7.69 -3.66
-5.8 2.2 7.08 9.02 9.2 -4.58 -4.39 -4.55 -3.4 -7.8 2.98 7.34 6.24 9.19 9.75 -5.39
4.36 2.3 -7.27 -8.4 -6.22 5.21 7.07 -1.79 5.03 2.26 -2.16 3.78 -9.01 -4.01 5.21
-8.23 -4.11 -8.08 -0.06 9.2 5.56 0.11 -8.35 -8.79 -7.93 -7.21 -8.45 7.94 -2.64
-0.34 2.84 -6.07 4.44 -1.58 2.69 4.18 -7.73 6.43 -0.82 2.63 4.69 8.41
0.07 3.12 -8.04 -4.08 -6.41 6.89 -7.24 -9.09 -2.96 -8.82 -2.19 6.55
-5.83 8.19 -0.17 9.37 7.77 0.95 1.64 -2.2 -2.67 4.46 -0.36
7.49 -7.17 8.95 -1.1 -5.82 -8.65 1.72 0.04 5.54 5.81
9.27 5.15 -5.94 4.67 6.57 8.62 2.75 -6.59 8.92
-1.58 2.87 1.7 -1.22 9.18 -2.58 -4.92 -9.0
-7.11 7.17 -5.44 8.66 -7.61 8.44 -7.22
2.23 -4.55 -9.5 -0.93 -6.36 -8.69
-2.77 8.33 -1.34 4.02 -1.17
6.3 -7.48 2.01 -4.38
-6.63 8.71 -1.22
6.3 -2.6
-5.35
