(Iter. 0) BestSol = Solution: cost=[-1915.1], size=[75], elements=[75, 35, 57, 81, 29, 22, 88, 80, 23, 63, 7, 4, 60, 31, 34, 71, 10, 91, 46, 53, 19, 12, 18, 96, 70, 62, 89, 28, 5, 16, 1, 49, 11, 3, 72, 56, 69, 52, 76, 30, 65, 13, 39, 0, 67, 45, 21, 83, 86, 15, 93, 79, 9, 38, 87, 42, 98, 54, 68, 95, 32, 99, 51, 33, 25, 61, 20, 48, 26, 36, 37, 14, 8, 58, 64]
(Iter. 1) BestSol = Solution: cost=[-1971.81], size=[74], elements=[75, 35, 57, 81, 29, 22, 88, 80, 23, 63, 7, 4, 60, 31, 34, 71, 10, 91, 46, 53, 19, 12, 96, 70, 62, 89, 28, 5, 16, 1, 49, 11, 3, 72, 56, 69, 52, 76, 30, 65, 13, 39, 0, 67, 45, 21, 83, 86, 15, 93, 79, 9, 38, 87, 42, 98, 54, 68, 95, 32, 99, 51, 33, 25, 61, 20, 48, 26, 36, 37, 14, 8, 58, 64]
(Iter. 217) BestSol = Solution: cost=[-1984.21], size=[77], elements=[57, 81, 22, 88, 23, 7, 4, 31, 34, 19, 96, 62, 28, 1, 11, 3, 72, 56, 30, 65, 13, 39, 67, 45, 83, 86, 15, 93, 38, 87, 98, 54, 95, 51, 25, 61, 48, 26, 2, 71, 76, 9, 79, 10, 33, 99, 63, 14, 94, 5, 35, 53, 20, 68, 75, 70, 91, 29, 89, 0, 49, 64, 58, 36, 12, 42, 32, 78, 37, 8, 55, 80, 97, 74, 84, 21, 16]
(Iter. 458) BestSol = Solution: cost=[-2004.7599999999993], size=[74], elements=[57, 81, 22, 88, 23, 7, 31, 34, 19, 96, 62, 28, 11, 3, 72, 65, 13, 39, 67, 45, 83, 86, 15, 93, 38, 87, 98, 54, 51, 25, 61, 48, 26, 71, 79, 99, 35, 75, 70, 89, 32, 37, 2, 95, 9, 10, 53, 1, 63, 56, 42, 80, 5, 82, 20, 68, 29, 21, 16, 4, 94, 64, 30, 76, 0, 33, 8, 58, 91, 78, 36, 49, 55, 14]
(Iter. 607) BestSol = Solution: cost=[-2018.6300000000003], size=[70], elements=[57, 81, 22, 88, 23, 7, 31, 34, 19, 96, 62, 28, 11, 3, 72, 65, 13, 39, 45, 83, 86, 15, 93, 38, 98, 54, 51, 25, 61, 48, 26, 71, 99, 75, 70, 32, 95, 1, 63, 56, 68, 4, 30, 76, 33, 36, 21, 87, 67, 0, 53, 9, 5, 79, 29, 80, 10, 16, 89, 49, 66, 60, 42, 12, 84, 37, 69, 94, 35, 14]
(Iter. 609) BestSol = Solution: cost=[-2039.8899999999999], size=[70], elements=[57, 81, 22, 88, 23, 7, 31, 34, 19, 96, 62, 28, 11, 3, 72, 65, 13, 39, 45, 83, 86, 15, 93, 38, 98, 54, 51, 25, 61, 48, 26, 71, 99, 75, 70, 32, 95, 1, 63, 56, 68, 4, 30, 76, 33, 36, 21, 87, 67, 0, 53, 9, 5, 79, 29, 80, 10, 16, 89, 49, 66, 60, 42, 12, 84, 37, 69, 35, 14, 8]
(Iter. 1078) BestSol = Solution: cost=[-2040.1999999999996], size=[71], elements=[57, 81, 22, 88, 23, 7, 31, 34, 19, 96, 62, 28, 11, 3, 72, 65, 13, 39, 45, 83, 86, 15, 93, 38, 98, 54, 51, 25, 99, 70, 32, 1, 56, 87, 89, 37, 71, 33, 67, 35, 76, 64, 30, 75, 12, 36, 61, 48, 42, 8, 26, 95, 14, 2, 9, 10, 79, 63, 29, 0, 21, 49, 58, 4, 16, 68, 53, 20, 94, 80, 5]
(Iter. 1079) BestSol = Solution: cost=[-2044.9199999999994], size=[70], elements=[57, 81, 22, 88, 23, 7, 31, 34, 19, 96, 62, 28, 11, 3, 72, 65, 13, 39, 45, 83, 86, 15, 93, 38, 98, 54, 51, 25, 99, 70, 32, 1, 56, 87, 89, 37, 71, 33, 67, 35, 76, 64, 30, 75, 12, 36, 61, 48, 42, 8, 26, 95, 14, 2, 9, 10, 79, 63, 29, 0, 21, 49, 58, 4, 16, 68, 53, 94, 80, 5]
(Iter. 1080) BestSol = Solution: cost=[-2053.89], size=[69], elements=[57, 81, 22, 88, 23, 7, 31, 34, 19, 96, 62, 28, 11, 3, 72, 65, 13, 39, 45, 83, 86, 15, 93, 38, 98, 54, 51, 25, 99, 70, 32, 1, 56, 87, 89, 37, 71, 33, 67, 35, 76, 64, 30, 75, 12, 36, 61, 48, 42, 8, 26, 95, 14, 9, 10, 79, 63, 29, 0, 21, 49, 58, 4, 16, 68, 53, 94, 80, 5]
(Iter. 13386) BestSol = Solution: cost=[-2054.4800000000005], size=[68], elements=[88, 23, 31, 19, 62, 28, 11, 3, 65, 13, 39, 45, 83, 15, 93, 38, 25, 34, 81, 57, 98, 96, 86, 87, 56, 7, 99, 22, 72, 48, 26, 70, 67, 89, 95, 79, 71, 35, 63, 10, 37, 9, 42, 29, 4, 0, 61, 33, 54, 76, 1, 51, 32, 30, 16, 5, 58, 53, 75, 68, 8, 14, 12, 64, 36, 94, 21, 80]
(Iter. 93752) BestSol = Solution: cost=[-2059.7200000000003], size=[67], elements=[88, 23, 31, 19, 28, 3, 65, 13, 83, 93, 38, 25, 57, 62, 15, 98, 34, 45, 86, 81, 87, 7, 11, 51, 54, 70, 1, 56, 39, 22, 67, 99, 96, 79, 75, 33, 61, 35, 76, 32, 30, 95, 72, 89, 9, 4, 53, 71, 48, 16, 10, 64, 58, 14, 42, 36, 26, 8, 37, 21, 94, 5, 0, 29, 68, 63, 80]
Best solution found: Solution: cost=[-2059.7200000000003], size=[67], elements=[88, 23, 31, 19, 28, 3, 65, 13, 83, 93, 38, 25, 57, 62, 15, 98, 34, 45, 86, 81, 87, 7, 11, 51, 54, 70, 1, 56, 39, 22, 67, 99, 96, 79, 75, 33, 61, 35, 76, 32, 30, 95, 72, 89, 9, 4, 53, 71, 48, 16, 10, 64, 58, 14, 42, 36, 26, 8, 37, 21, 94, 5, 0, 29, 68, 63, 80]
Time (s): 1800.020
