(Iter. 0) BestSol = Solution: cost=[-213.54], size=[28], elements=[41, 32, 37, 17, 14, 30, 9, 20, 11, 36, 44, 45, 29, 39, 43, 18, 0, 40, 15, 23, 7, 35, 12, 24, 47, 21, 38, 16]
(Iter. 1) BestSol = Solution: cost=[-218.36], size=[29], elements=[41, 32, 37, 17, 14, 30, 9, 20, 11, 36, 44, 45, 29, 39, 43, 18, 0, 40, 15, 23, 7, 35, 12, 24, 47, 21, 38, 16, 49]
(Iter. 2) BestSol = Solution: cost=[-242.91999999999996], size=[28], elements=[41, 32, 37, 17, 14, 30, 9, 11, 36, 44, 45, 29, 39, 43, 18, 0, 40, 15, 23, 7, 35, 12, 24, 47, 21, 38, 16, 49]
(Iter. 3) BestSol = Solution: cost=[-250.44], size=[29], elements=[41, 32, 37, 17, 14, 30, 9, 11, 36, 44, 45, 29, 39, 43, 18, 0, 40, 15, 23, 7, 35, 12, 24, 47, 21, 38, 16, 49, 4]
(Iter. 4) BestSol = Solution: cost=[-328.64], size=[28], elements=[41, 37, 17, 14, 30, 9, 11, 36, 44, 45, 29, 39, 43, 18, 0, 40, 15, 23, 7, 35, 12, 24, 47, 21, 38, 49, 4, 6]
(Iter. 6) BestSol = Solution: cost=[-368.19999999999993], size=[26], elements=[41, 37, 17, 14, 9, 11, 36, 45, 29, 39, 43, 18, 0, 40, 15, 23, 7, 35, 12, 24, 21, 49, 4, 6, 31, 19]
(Iter. 7) BestSol = Solution: cost=[-401.11], size=[27], elements=[41, 37, 17, 14, 9, 11, 36, 45, 29, 39, 43, 18, 0, 40, 15, 23, 7, 35, 12, 24, 21, 49, 4, 6, 31, 19, 47]
(Iter. 8) BestSol = Solution: cost=[-423.77], size=[28], elements=[41, 37, 17, 14, 9, 11, 36, 45, 29, 39, 43, 18, 0, 40, 15, 23, 7, 35, 12, 24, 21, 49, 4, 6, 31, 19, 47, 44]
(Iter. 9) BestSol = Solution: cost=[-425.18000000000006], size=[29], elements=[41, 37, 17, 14, 9, 11, 36, 45, 29, 39, 43, 18, 0, 40, 15, 23, 7, 35, 12, 24, 21, 49, 4, 6, 31, 19, 47, 44, 28]
(Iter. 10) BestSol = Solution: cost=[-438.83000000000015], size=[31], elements=[41, 37, 17, 14, 9, 11, 36, 45, 29, 39, 43, 18, 0, 40, 15, 23, 7, 35, 12, 24, 21, 49, 6, 31, 19, 47, 44, 28, 25, 33, 3]
(Iter. 14) BestSol = Solution: cost=[-441.3199999999999], size=[32], elements=[41, 37, 17, 14, 9, 11, 36, 29, 39, 43, 18, 0, 40, 15, 23, 7, 35, 12, 24, 21, 49, 6, 31, 19, 28, 25, 33, 3, 2, 27, 26, 47]
(Iter. 15) BestSol = Solution: cost=[-445.3400000000001], size=[32], elements=[41, 37, 17, 14, 9, 11, 36, 29, 39, 43, 18, 0, 40, 15, 23, 7, 35, 12, 24, 21, 49, 6, 31, 19, 28, 25, 33, 3, 2, 27, 47, 44]
Best solution found: Solution: cost=[-445.3400000000001], size=[32], elements=[41, 37, 17, 14, 9, 11, 36, 29, 39, 43, 18, 0, 40, 15, 23, 7, 35, 12, 24, 21, 49, 6, 31, 19, 28, 25, 33, 3, 2, 27, 47, 44]
Time (s): 1800.012
