(Iter. 0) BestSol = Solution: cost=[-1282.5399999999988], size=[78], elements=[74, 28, 18, 54, 63, 81, 99, 35, 87, 14, 41, 62, 70, 26, 57, 66, 22, 55, 67, 25, 59, 32, 6, 7, 12, 94, 72, 10, 95, 24, 13, 83, 88, 79, 60, 3, 20, 92, 76, 27, 90, 37, 5, 42, 98, 23, 16, 93, 45, 84, 68, 75, 51, 61, 50, 36, 2, 73, 91, 86, 38, 64, 9, 58, 43, 31, 21, 48, 69, 78, 39, 4, 82, 77, 97, 85, 11, 17]
(Iter. 2) BestSol = Solution: cost=[-1317.519999999999], size=[78], elements=[74, 28, 18, 54, 63, 81, 99, 35, 87, 14, 41, 62, 70, 26, 57, 66, 22, 55, 67, 25, 59, 32, 6, 7, 12, 94, 72, 10, 95, 24, 13, 83, 88, 79, 60, 3, 20, 92, 76, 27, 90, 37, 5, 42, 98, 23, 16, 93, 45, 84, 68, 75, 51, 61, 50, 36, 2, 73, 91, 86, 38, 64, 9, 58, 43, 31, 48, 69, 78, 39, 4, 82, 77, 97, 85, 11, 17, 96]
(Iter. 37) BestSol = Solution: cost=[-1323.3400000000001], size=[75], elements=[74, 54, 81, 99, 35, 87, 14, 41, 57, 66, 22, 55, 67, 25, 59, 32, 6, 7, 12, 94, 72, 95, 24, 13, 83, 88, 79, 3, 20, 76, 27, 90, 37, 5, 42, 98, 23, 16, 93, 45, 84, 51, 61, 50, 36, 2, 91, 86, 64, 9, 58, 43, 31, 69, 78, 39, 4, 82, 77, 97, 85, 11, 17, 56, 0, 33, 34, 15, 49, 65, 1, 19, 52, 60, 68]
(Iter. 64) BestSol = Solution: cost=[-1332.2899999999997], size=[77], elements=[74, 54, 87, 14, 57, 66, 22, 55, 67, 25, 59, 32, 6, 7, 12, 94, 72, 95, 24, 13, 83, 88, 79, 3, 20, 76, 27, 90, 37, 5, 42, 98, 23, 16, 93, 45, 84, 51, 61, 50, 36, 2, 91, 86, 64, 9, 58, 43, 69, 78, 39, 4, 77, 97, 85, 11, 17, 0, 49, 1, 19, 52, 60, 68, 38, 10, 62, 89, 73, 46, 81, 35, 21, 96, 29, 48, 31]
(Iter. 65) BestSol = Solution: cost=[-1360.3799999999997], size=[76], elements=[74, 54, 87, 14, 57, 66, 22, 55, 67, 25, 59, 32, 6, 7, 12, 94, 72, 95, 24, 13, 83, 88, 79, 3, 20, 76, 27, 90, 37, 5, 42, 98, 23, 16, 93, 45, 84, 51, 61, 50, 36, 2, 91, 86, 64, 9, 58, 43, 69, 78, 39, 4, 77, 97, 85, 11, 17, 0, 49, 1, 19, 60, 68, 38, 10, 62, 89, 73, 46, 81, 35, 21, 96, 29, 48, 31]
(Iter. 66) BestSol = Solution: cost=[-1404.5300000000007], size=[75], elements=[74, 54, 87, 14, 57, 66, 22, 55, 67, 25, 59, 32, 6, 7, 12, 94, 72, 95, 24, 13, 83, 88, 79, 3, 20, 76, 27, 90, 37, 5, 42, 98, 23, 16, 93, 45, 84, 51, 61, 50, 36, 2, 91, 86, 64, 9, 58, 43, 69, 78, 39, 4, 77, 97, 85, 11, 17, 0, 49, 1, 19, 60, 68, 38, 10, 62, 89, 73, 46, 81, 35, 96, 29, 48, 31]
(Iter. 67) BestSol = Solution: cost=[-1421.5299999999993], size=[74], elements=[74, 54, 87, 14, 57, 66, 22, 55, 67, 25, 59, 32, 6, 7, 12, 94, 72, 95, 24, 13, 83, 88, 79, 3, 20, 76, 27, 90, 37, 5, 42, 98, 23, 16, 93, 45, 84, 51, 61, 50, 36, 2, 91, 86, 64, 9, 58, 43, 69, 78, 39, 4, 77, 97, 85, 11, 17, 0, 49, 1, 19, 60, 38, 10, 62, 89, 73, 46, 81, 35, 96, 29, 48, 31]
(Iter. 416) BestSol = Solution: cost=[-1446.55], size=[71], elements=[74, 87, 14, 66, 22, 55, 67, 59, 32, 12, 72, 95, 24, 13, 79, 76, 5, 23, 16, 45, 84, 61, 50, 91, 64, 43, 69, 39, 11, 35, 97, 6, 54, 48, 31, 4, 37, 83, 42, 2, 90, 7, 51, 86, 25, 58, 78, 0, 85, 41, 94, 81, 17, 93, 20, 10, 34, 36, 57, 44, 3, 49, 46, 68, 9, 27, 96, 52, 62, 88, 1]
(Iter. 417) BestSol = Solution: cost=[-1464.2399999999993], size=[70], elements=[74, 87, 14, 66, 22, 55, 67, 59, 32, 12, 72, 95, 24, 13, 79, 76, 5, 23, 16, 45, 84, 61, 50, 91, 64, 43, 69, 39, 11, 35, 97, 6, 54, 48, 31, 4, 37, 83, 42, 2, 90, 7, 51, 86, 25, 58, 78, 0, 85, 41, 94, 81, 17, 93, 20, 10, 34, 36, 57, 44, 3, 49, 46, 9, 27, 96, 52, 62, 88, 1]
(Iter. 420) BestSol = Solution: cost=[-1471.5100000000007], size=[71], elements=[74, 87, 14, 66, 22, 55, 67, 59, 32, 12, 72, 95, 24, 13, 79, 76, 5, 23, 16, 45, 84, 61, 50, 91, 64, 43, 69, 39, 11, 35, 97, 6, 54, 48, 31, 4, 37, 83, 42, 2, 90, 7, 51, 86, 25, 58, 78, 0, 85, 41, 94, 81, 17, 93, 20, 10, 34, 36, 57, 44, 3, 49, 46, 9, 27, 96, 52, 62, 88, 1, 99]
(Iter. 421) BestSol = Solution: cost=[-1485.9599999999998], size=[71], elements=[74, 87, 14, 66, 22, 55, 67, 59, 32, 12, 72, 95, 24, 13, 79, 76, 5, 23, 16, 45, 84, 61, 50, 91, 64, 43, 69, 39, 11, 35, 97, 6, 54, 48, 31, 4, 37, 83, 42, 2, 90, 7, 51, 86, 25, 58, 78, 0, 85, 41, 94, 81, 17, 93, 20, 10, 36, 57, 44, 3, 49, 46, 9, 27, 96, 52, 62, 88, 1, 99, 98]
(Iter. 1359) BestSol = Solution: cost=[-1486.3500000000004], size=[70], elements=[87, 14, 66, 22, 67, 59, 12, 72, 95, 24, 13, 79, 76, 16, 45, 84, 61, 50, 43, 69, 39, 11, 55, 64, 58, 85, 83, 5, 90, 94, 36, 3, 4, 88, 91, 0, 97, 98, 27, 2, 25, 32, 35, 17, 81, 42, 78, 23, 6, 37, 1, 99, 63, 74, 31, 46, 18, 28, 60, 51, 62, 57, 54, 93, 9, 7, 19, 48, 20, 82]
(Iter. 1755) BestSol = Solution: cost=[-1486.9900000000007], size=[73], elements=[14, 66, 22, 67, 59, 12, 72, 95, 24, 13, 79, 76, 16, 45, 61, 50, 43, 69, 39, 11, 55, 64, 83, 5, 3, 91, 2, 25, 32, 42, 87, 57, 23, 84, 7, 94, 54, 88, 77, 17, 90, 51, 97, 31, 58, 68, 48, 10, 20, 93, 35, 98, 9, 96, 62, 82, 81, 85, 36, 4, 6, 78, 63, 41, 37, 0, 1, 74, 46, 99, 60, 19, 27]
(Iter. 1756) BestSol = Solution: cost=[-1514.0], size=[72], elements=[14, 66, 22, 67, 59, 12, 72, 95, 24, 13, 79, 76, 16, 45, 61, 50, 43, 69, 39, 11, 55, 64, 83, 5, 3, 91, 2, 25, 32, 42, 87, 57, 23, 84, 7, 94, 54, 88, 77, 17, 90, 51, 97, 31, 58, 48, 10, 20, 93, 35, 98, 9, 96, 62, 82, 81, 85, 36, 4, 6, 78, 63, 41, 37, 0, 1, 74, 46, 99, 60, 19, 27]
(Iter. 2175) BestSol = Solution: cost=[-1519.23], size=[68], elements=[14, 66, 22, 67, 59, 12, 72, 95, 24, 13, 79, 76, 16, 45, 61, 50, 69, 39, 11, 55, 64, 83, 5, 91, 32, 42, 87, 84, 94, 90, 31, 58, 35, 74, 81, 2, 43, 9, 23, 88, 99, 86, 78, 17, 85, 97, 25, 54, 51, 7, 10, 48, 98, 82, 3, 36, 92, 57, 28, 37, 6, 20, 93, 70, 41, 63, 4, 77]
(Iter. 3075) BestSol = Solution: cost=[-1535.11], size=[69], elements=[14, 66, 22, 67, 59, 12, 72, 95, 24, 13, 79, 76, 16, 45, 61, 50, 69, 39, 11, 55, 5, 87, 35, 2, 43, 25, 64, 98, 90, 23, 91, 7, 9, 84, 81, 57, 32, 83, 48, 74, 86, 27, 77, 37, 99, 4, 17, 97, 58, 54, 0, 20, 94, 62, 6, 78, 93, 96, 42, 85, 19, 36, 3, 31, 38, 82, 41, 88, 51]
(Iter. 3076) BestSol = Solution: cost=[-1540.97], size=[68], elements=[14, 66, 22, 67, 59, 12, 72, 95, 24, 13, 79, 76, 16, 45, 61, 50, 69, 39, 11, 55, 5, 87, 35, 2, 43, 25, 64, 98, 90, 23, 91, 7, 9, 84, 81, 57, 32, 83, 48, 74, 86, 27, 77, 37, 99, 4, 17, 97, 58, 54, 0, 20, 94, 62, 6, 78, 93, 96, 42, 85, 19, 36, 3, 31, 82, 41, 88, 51]
(Iter. 3077) BestSol = Solution: cost=[-1546.5799999999997], size=[67], elements=[14, 66, 22, 67, 59, 12, 72, 95, 24, 13, 79, 76, 16, 45, 61, 50, 69, 39, 11, 55, 5, 87, 35, 2, 43, 25, 64, 98, 90, 23, 91, 7, 9, 84, 81, 57, 32, 83, 48, 74, 86, 27, 77, 37, 99, 4, 17, 97, 58, 54, 0, 20, 94, 62, 6, 78, 93, 96, 42, 85, 36, 3, 31, 82, 41, 88, 51]
(Iter. 3079) BestSol = Solution: cost=[-1556.5999999999997], size=[68], elements=[14, 66, 22, 67, 59, 12, 72, 95, 24, 13, 79, 76, 16, 45, 61, 50, 69, 39, 11, 55, 5, 87, 35, 2, 43, 25, 64, 98, 90, 23, 91, 7, 9, 84, 81, 57, 32, 83, 48, 74, 86, 27, 77, 37, 99, 4, 17, 97, 58, 54, 0, 20, 94, 62, 6, 78, 93, 96, 42, 85, 36, 3, 31, 82, 41, 88, 51, 10]
Best solution found: Solution: cost=[-1556.5999999999997], size=[68], elements=[14, 66, 22, 67, 59, 12, 72, 95, 24, 13, 79, 76, 16, 45, 61, 50, 69, 39, 11, 55, 5, 87, 35, 2, 43, 25, 64, 98, 90, 23, 91, 7, 9, 84, 81, 57, 32, 83, 48, 74, 86, 27, 77, 37, 99, 4, 17, 97, 58, 54, 0, 20, 94, 62, 6, 78, 93, 96, 42, 85, 36, 3, 31, 82, 41, 88, 51, 10]
Time (s): 1800.017
