(Iter. 0) BestSol = Solution: cost=[-1042.9099999999996], size=[73], elements=[87, 15, 13, 95, 98, 26, 51, 4, 68, 49, 71, 86, 60, 99, 14, 27, 58, 24, 18, 19, 88, 40, 76, 29, 46, 79, 38, 37, 47, 85, 92, 17, 82, 80, 11, 31, 44, 77, 2, 64, 48, 45, 59, 54, 1, 16, 73, 8, 43, 50, 81, 83, 56, 57, 36, 0, 65, 93, 96, 94, 90, 97, 6, 25, 84, 78, 9, 41, 75, 34, 55, 91, 7]
(Iter. 2) BestSol = Solution: cost=[-1110.26], size=[73], elements=[87, 13, 95, 98, 26, 51, 4, 68, 49, 71, 86, 60, 99, 14, 27, 58, 24, 18, 19, 88, 40, 76, 29, 46, 79, 38, 37, 47, 85, 92, 17, 82, 80, 11, 31, 44, 77, 2, 64, 48, 45, 59, 54, 1, 16, 73, 8, 43, 50, 81, 83, 56, 57, 36, 0, 65, 93, 96, 94, 90, 97, 6, 25, 84, 78, 9, 41, 75, 34, 55, 91, 7, 12]
(Iter. 8) BestSol = Solution: cost=[-1132.2700000000004], size=[75], elements=[13, 95, 98, 26, 51, 4, 68, 49, 71, 86, 60, 99, 14, 27, 58, 24, 18, 19, 88, 40, 76, 29, 46, 79, 38, 37, 47, 85, 92, 17, 82, 80, 11, 31, 44, 77, 2, 64, 48, 45, 59, 54, 1, 16, 73, 8, 43, 50, 81, 83, 56, 57, 36, 0, 93, 96, 94, 90, 97, 6, 25, 84, 78, 9, 41, 75, 34, 55, 91, 7, 12, 20, 70, 72, 66]
(Iter. 10) BestSol = Solution: cost=[-1146.5199999999993], size=[75], elements=[13, 95, 98, 26, 51, 4, 68, 49, 71, 86, 60, 99, 14, 27, 58, 24, 18, 19, 88, 40, 76, 29, 46, 79, 38, 37, 47, 85, 92, 17, 80, 11, 31, 44, 77, 2, 64, 48, 45, 59, 54, 1, 16, 73, 8, 43, 50, 81, 83, 56, 57, 36, 0, 93, 96, 94, 90, 97, 6, 25, 84, 78, 9, 41, 75, 34, 55, 91, 7, 12, 20, 70, 72, 66, 32]
(Iter. 11) BestSol = Solution: cost=[-1176.8499999999995], size=[74], elements=[13, 95, 98, 26, 51, 4, 68, 49, 71, 86, 60, 99, 14, 27, 58, 24, 18, 19, 88, 40, 76, 29, 46, 79, 38, 37, 47, 85, 92, 17, 80, 11, 31, 44, 77, 2, 64, 48, 45, 59, 54, 1, 16, 73, 8, 50, 81, 83, 56, 57, 36, 0, 93, 96, 94, 90, 97, 6, 25, 84, 78, 9, 41, 75, 34, 55, 91, 7, 12, 20, 70, 72, 66, 32]
(Iter. 13) BestSol = Solution: cost=[-1235.36], size=[74], elements=[13, 95, 98, 26, 51, 4, 68, 49, 71, 86, 60, 99, 14, 27, 58, 24, 18, 19, 88, 40, 76, 29, 46, 79, 38, 37, 47, 85, 92, 17, 80, 11, 31, 44, 77, 2, 64, 48, 45, 59, 54, 1, 16, 73, 8, 50, 81, 83, 56, 57, 36, 0, 93, 96, 90, 97, 6, 25, 84, 78, 9, 41, 75, 34, 55, 91, 7, 12, 20, 70, 72, 66, 32, 33]
(Iter. 14) BestSol = Solution: cost=[-1289.9999999999998], size=[73], elements=[13, 95, 98, 26, 51, 4, 68, 49, 71, 86, 60, 99, 14, 27, 58, 24, 18, 19, 88, 40, 76, 29, 46, 79, 38, 37, 47, 85, 92, 17, 80, 11, 31, 44, 77, 2, 64, 48, 45, 59, 54, 1, 16, 73, 8, 50, 81, 83, 56, 57, 36, 0, 93, 96, 90, 97, 6, 25, 84, 78, 9, 41, 75, 34, 55, 91, 7, 12, 70, 72, 66, 32, 33]
(Iter. 15) BestSol = Solution: cost=[-1302.2], size=[72], elements=[13, 95, 98, 26, 51, 4, 68, 49, 71, 86, 60, 99, 14, 27, 58, 24, 18, 19, 88, 40, 76, 29, 46, 79, 38, 37, 47, 85, 92, 17, 80, 11, 31, 44, 77, 2, 64, 48, 45, 59, 54, 1, 16, 73, 8, 50, 81, 56, 57, 36, 0, 93, 96, 90, 97, 6, 25, 84, 78, 9, 41, 75, 34, 55, 91, 7, 12, 70, 72, 66, 32, 33]
(Iter. 16) BestSol = Solution: cost=[-1326.3999999999999], size=[72], elements=[13, 95, 98, 26, 51, 4, 68, 49, 71, 86, 60, 99, 14, 27, 58, 24, 18, 19, 88, 40, 76, 29, 46, 79, 38, 37, 47, 85, 92, 17, 80, 11, 31, 44, 77, 2, 64, 48, 45, 59, 54, 1, 16, 73, 8, 50, 81, 56, 57, 36, 0, 93, 96, 90, 97, 6, 25, 84, 78, 9, 75, 34, 55, 91, 7, 12, 70, 72, 66, 32, 33, 69]
(Iter. 17) BestSol = Solution: cost=[-1346.6899999999991], size=[69], elements=[13, 95, 98, 26, 51, 4, 68, 49, 71, 86, 60, 99, 14, 27, 58, 24, 18, 19, 88, 76, 29, 46, 79, 38, 37, 47, 92, 17, 80, 11, 31, 44, 77, 2, 64, 48, 45, 59, 54, 1, 16, 73, 8, 50, 81, 56, 57, 36, 0, 93, 96, 90, 97, 6, 25, 84, 78, 9, 75, 34, 55, 91, 7, 12, 70, 72, 66, 32, 69]
(Iter. 19) BestSol = Solution: cost=[-1355.71], size=[67], elements=[13, 95, 98, 26, 51, 4, 68, 49, 71, 86, 60, 14, 27, 58, 24, 18, 19, 88, 76, 29, 46, 79, 38, 37, 47, 92, 80, 11, 31, 44, 77, 64, 48, 45, 59, 54, 1, 16, 73, 8, 50, 81, 56, 57, 36, 0, 93, 96, 90, 6, 25, 84, 78, 9, 75, 34, 55, 91, 7, 12, 70, 72, 66, 32, 69, 40, 97]
(Iter. 20) BestSol = Solution: cost=[-1380.71], size=[67], elements=[13, 95, 98, 26, 51, 4, 68, 49, 71, 86, 60, 14, 27, 58, 24, 18, 19, 88, 76, 29, 46, 79, 38, 37, 47, 92, 80, 11, 31, 44, 64, 48, 45, 59, 54, 1, 16, 73, 8, 50, 81, 56, 57, 36, 0, 93, 96, 90, 6, 25, 84, 78, 9, 75, 34, 55, 91, 7, 12, 70, 72, 66, 32, 69, 40, 97, 99]
(Iter. 47) BestSol = Solution: cost=[-1400.3699999999997], size=[70], elements=[95, 26, 51, 4, 68, 49, 71, 86, 60, 14, 27, 24, 18, 19, 88, 76, 29, 46, 79, 38, 37, 47, 92, 80, 11, 31, 44, 64, 48, 45, 59, 54, 1, 16, 73, 8, 50, 81, 56, 57, 36, 0, 93, 96, 6, 25, 84, 78, 9, 75, 34, 55, 91, 72, 66, 69, 40, 97, 99, 43, 42, 10, 83, 85, 82, 77, 17, 70, 39, 2]
(Iter. 48) BestSol = Solution: cost=[-1412.76], size=[69], elements=[95, 26, 51, 4, 68, 49, 71, 86, 60, 14, 27, 24, 18, 19, 88, 76, 29, 46, 79, 38, 37, 47, 92, 80, 11, 31, 44, 64, 48, 45, 59, 54, 1, 16, 73, 8, 50, 81, 56, 57, 36, 0, 93, 96, 6, 25, 84, 78, 9, 75, 34, 55, 91, 66, 69, 40, 97, 99, 43, 42, 10, 83, 85, 82, 77, 17, 70, 39, 2]
(Iter. 339) BestSol = Solution: cost=[-1412.9599999999994], size=[67], elements=[26, 51, 4, 49, 86, 60, 14, 27, 24, 18, 19, 76, 29, 46, 79, 38, 37, 47, 92, 80, 11, 64, 45, 59, 54, 0, 96, 6, 84, 78, 34, 91, 81, 68, 97, 44, 83, 1, 50, 9, 56, 36, 72, 16, 71, 95, 2, 48, 42, 8, 40, 73, 99, 77, 55, 85, 98, 7, 43, 88, 41, 25, 93, 70, 31, 82, 17]
(Iter. 340) BestSol = Solution: cost=[-1414.7800000000002], size=[66], elements=[26, 51, 4, 49, 86, 60, 14, 27, 24, 18, 19, 76, 29, 46, 79, 38, 37, 47, 92, 80, 11, 64, 45, 59, 54, 0, 96, 6, 84, 78, 34, 91, 81, 68, 97, 44, 83, 1, 50, 9, 56, 36, 16, 71, 95, 2, 48, 42, 8, 40, 73, 99, 77, 55, 85, 98, 7, 43, 88, 41, 25, 93, 70, 31, 82, 17]
(Iter. 341) BestSol = Solution: cost=[-1425.59], size=[66], elements=[26, 51, 4, 49, 86, 60, 14, 27, 24, 18, 19, 76, 29, 46, 79, 38, 37, 47, 92, 80, 11, 64, 45, 59, 54, 0, 96, 6, 84, 78, 34, 91, 81, 68, 97, 44, 83, 1, 50, 9, 56, 36, 16, 71, 95, 2, 48, 42, 8, 40, 73, 99, 77, 55, 85, 98, 43, 88, 41, 25, 93, 70, 31, 82, 17, 57]
(Iter. 342) BestSol = Solution: cost=[-1429.1100000000001], size=[65], elements=[26, 51, 4, 49, 86, 60, 14, 27, 24, 18, 19, 76, 29, 46, 79, 38, 37, 47, 92, 80, 11, 64, 45, 59, 54, 0, 96, 6, 84, 78, 34, 91, 81, 68, 97, 44, 83, 1, 50, 9, 36, 16, 71, 95, 2, 48, 42, 8, 40, 73, 99, 77, 55, 85, 98, 43, 88, 41, 25, 93, 70, 31, 82, 17, 57]
(Iter. 496) BestSol = Solution: cost=[-1449.5400000000004], size=[66], elements=[26, 51, 4, 49, 86, 60, 14, 27, 24, 18, 19, 76, 46, 79, 38, 37, 47, 92, 80, 11, 64, 45, 59, 54, 0, 96, 6, 84, 78, 34, 91, 68, 97, 44, 1, 16, 8, 55, 31, 56, 99, 81, 36, 61, 5, 93, 69, 77, 72, 66, 29, 88, 70, 57, 83, 17, 33, 48, 9, 71, 42, 2, 25, 7, 50, 73]
(Iter. 497) BestSol = Solution: cost=[-1464.0500000000002], size=[65], elements=[26, 51, 4, 49, 86, 60, 14, 27, 24, 18, 19, 76, 46, 79, 38, 37, 47, 92, 80, 11, 64, 45, 59, 54, 0, 96, 6, 84, 78, 34, 91, 68, 97, 44, 1, 16, 8, 55, 31, 56, 99, 81, 36, 5, 93, 69, 77, 72, 66, 29, 88, 70, 57, 83, 17, 33, 48, 9, 71, 42, 2, 25, 7, 50, 73]
(Iter. 3492) BestSol = Solution: cost=[-1470.239999999999], size=[62], elements=[26, 51, 49, 86, 14, 18, 19, 76, 79, 47, 92, 11, 64, 45, 54, 96, 84, 91, 59, 4, 34, 37, 0, 80, 6, 46, 60, 44, 27, 78, 99, 29, 68, 24, 81, 16, 38, 9, 88, 69, 1, 71, 83, 82, 73, 77, 66, 40, 55, 36, 12, 62, 31, 2, 94, 85, 43, 93, 97, 8, 48, 50]
(Iter. 3493) BestSol = Solution: cost=[-1489.1699999999987], size=[62], elements=[26, 51, 49, 86, 14, 18, 19, 76, 79, 47, 92, 11, 64, 45, 54, 96, 84, 91, 59, 4, 34, 37, 0, 80, 6, 46, 60, 44, 27, 78, 99, 29, 68, 24, 81, 16, 38, 9, 88, 69, 1, 71, 83, 82, 73, 77, 66, 40, 55, 36, 12, 31, 2, 94, 85, 43, 93, 97, 8, 48, 50, 42]
(Iter. 3495) BestSol = Solution: cost=[-1501.1500000000008], size=[63], elements=[26, 51, 49, 86, 14, 18, 19, 76, 79, 47, 92, 11, 64, 45, 54, 96, 84, 91, 59, 4, 34, 37, 0, 80, 6, 46, 60, 44, 27, 78, 99, 29, 68, 24, 81, 16, 38, 9, 88, 69, 1, 71, 83, 82, 73, 77, 66, 40, 55, 36, 12, 31, 2, 94, 85, 43, 93, 97, 8, 48, 50, 42, 95]
(Iter. 13679) BestSol = Solution: cost=[-1508.069999999999], size=[63], elements=[26, 51, 49, 86, 14, 18, 19, 76, 92, 11, 64, 45, 54, 96, 84, 91, 4, 34, 37, 59, 79, 47, 80, 0, 29, 6, 46, 1, 60, 8, 97, 31, 77, 68, 71, 27, 48, 38, 16, 73, 78, 99, 24, 81, 44, 36, 2, 69, 9, 42, 55, 40, 93, 12, 95, 70, 72, 5, 98, 13, 50, 83, 43]
(Iter. 32324) BestSol = Solution: cost=[-1510.0600000000002], size=[64], elements=[26, 51, 49, 86, 14, 19, 92, 11, 64, 54, 96, 84, 91, 34, 45, 18, 47, 76, 4, 59, 37, 79, 24, 68, 6, 80, 27, 99, 0, 97, 60, 29, 1, 16, 8, 50, 17, 73, 71, 77, 40, 85, 78, 95, 46, 55, 38, 81, 98, 9, 70, 31, 36, 2, 12, 83, 72, 42, 5, 43, 44, 48, 69, 93]
(Iter. 73919) BestSol = Solution: cost=[-1517.74], size=[63], elements=[26, 51, 49, 86, 14, 19, 92, 11, 64, 54, 96, 84, 91, 18, 45, 4, 76, 34, 59, 79, 80, 60, 44, 27, 8, 68, 29, 6, 24, 16, 47, 97, 31, 0, 73, 93, 42, 37, 46, 98, 50, 78, 9, 81, 55, 72, 71, 69, 48, 70, 95, 5, 85, 83, 12, 2, 38, 99, 1, 40, 77, 36, 43]
Best solution found: Solution: cost=[-1517.74], size=[63], elements=[26, 51, 49, 86, 14, 19, 92, 11, 64, 54, 96, 84, 91, 18, 45, 4, 76, 34, 59, 79, 80, 60, 44, 27, 8, 68, 29, 6, 24, 16, 47, 97, 31, 0, 73, 93, 42, 37, 46, 98, 50, 78, 9, 81, 55, 72, 71, 69, 48, 70, 95, 5, 85, 83, 12, 2, 38, 99, 1, 40, 77, 36, 43]
Time (s): 1800.014
